,published_at,topic_class
0,2021-09-29T17:09:39+0000,"[(61, 0.09099863), (130, 0.08525318), (164, 0.081166275), (214, 0.090994395), (232, 0.04179896), (284, 0.36109123), (349, 0.07063963), (663, 0.046809126), (952, 0.04114853)]"
1,2016-06-24T13:50:48-0400,"[(154, 0.78391963), (218, 0.029521177), (271, 0.016008291), (331, 0.01209887), (400, 0.010672182), (519, 0.0131673105), (565, 0.019897373), (688, 0.0251526), (952, 0.02543713)]"
2,2014-03-25T13:29:45-0400,"[(59, 0.026011186), (218, 0.015763981), (271, 0.017238008), (327, 0.016062673), (383, 0.019218791), (400, 0.01784001), (403, 0.76896584), (516, 0.025830425), (519, 0.014332641), (707, 0.015669612), (852, 0.03198408)]"
3,2009-04-22T19:49:03+0000,"[(53, 0.09176244), (82, 0.042772006), (212, 0.08864383), (231, 0.054844987), (259, 0.06373727), (280, 0.08366983), (285, 0.057050835), (292, 0.038502883), (349, 0.03282174), (681, 0.10276883), (712, 0.1352517), (751, 0.042590197), (770, 0.051177602), (821, 0.06909891)]"
4,2018-04-14T14:59:04+0000,
5,2017-03-07T23:07:14+0000,"[(249, 0.078317426), (256, 0.019598937), (271, 0.017826075), (300, 0.014705639), (330, 0.023081973), (349, 0.032532733), (366, 0.105944976), (383, 0.12117838), (392, 0.09494051), (393, 0.07632192), (481, 0.07404959), (580, 0.01756125), (620, 0.016501062), (632, 0.029870376), (679, 0.051715605), (688, 0.01829288), (711, 0.12093071), (773, 0.043889433), (975, 0.028095031)]"
6,2017-02-28T11:00:37-0500,"[(487, 0.9940174)]"
7,2020-12-17T06:08:38+0000,"[(74, 0.086171694), (123, 0.058877572), (271, 0.2353572), (400, 0.066790745), (745, 0.2949002), (909, 0.19942898)]"
8,2019-07-28T21:00:47+0000,"[(673, 0.9946283)]"
9,2012-04-05T06:53:57+0000,"[(212, 0.040082216), (328, 0.092043765), (523, 0.039295763), (570, 0.21086268), (827, 0.252912), (838, 0.055518605), (967, 0.042156886), (985, 0.22652946)]"
10,2010-11-30T15:42:50+0000,"[(171, 0.21266969), (187, 0.22624162), (256, 0.15650776), (839, 0.09979196), (894, 0.22824611)]"
11,2019-02-11T10:04:30+0000,"[(51, 0.06737062), (55, 0.08285476), (153, 0.013686669), (256, 0.021047352), (317, 0.08108654), (389, 0.061483145), (394, 0.040595587), (432, 0.036121525), (449, 0.041354112), (505, 0.07253362), (563, 0.14189474), (577, 0.055191014), (597, 0.01829359), (889, 0.06542486), (917, 0.08729319), (928, 0.017466353), (974, 0.07991537)]"
12,2019-01-30T20:32:22+0000,"[(47, 0.037685286), (57, 0.016657125), (228, 0.048451517), (322, 0.12383644), (349, 0.0735008), (375, 0.09163887), (389, 0.041171495), (392, 0.016403398), (393, 0.019754255), (427, 0.09555431), (449, 0.05802125), (477, 0.14011005), (523, 0.017174993), (576, 0.016983876), (738, 0.01641084), (794, 0.11776606), (952, 0.05003786)]"
13,2021-06-03T10:44:44+0000,"[(957, 0.9860854)]"
14,2007-04-30T06:55:55+0000,"[(481, 0.9930058)]"
15,2015-10-06T19:24:25+0000,"[(130, 0.036060948), (199, 0.029095069), (212, 0.025757926), (383, 0.022117006), (517, 0.019587055), (556, 0.09929929), (673, 0.10930625), (687, 0.062067512), (711, 0.19574577), (712, 0.07351974), (771, 0.030865397), (783, 0.017381942), (793, 0.011852141), (839, 0.03503449), (920, 0.07046315), (989, 0.14516518)]"
16,2021-05-12T21:01:16+0000,"[(209, 0.9929755)]"
17,2014-05-29T01:01:17+0000,"[(652, 0.98980594)]"
18,2014-05-12T15:38:19+0000,"[(164, 0.047547255), (661, 0.942472)]"
19,2008-03-04T00:25:24+0000,
20,2015-03-19T19:43:07+0000,"[(137, 0.061180096), (154, 0.073056616), (161, 0.10146231), (164, 0.025354052), (277, 0.033348553), (366, 0.06650029), (383, 0.054996688), (398, 0.027098704), (481, 0.020485211), (499, 0.05962901), (639, 0.09973087), (669, 0.02091669), (740, 0.15207021), (803, 0.103156775), (850, 0.072832316)]"
21,2016-05-19T03:03:37+0000,"[(39, 0.057262525), (55, 0.08862464), (61, 0.061734412), (71, 0.018198218), (218, 0.058586854), (285, 0.019500509), (354, 0.018962294), (464, 0.035994772), (480, 0.013666307), (484, 0.048182283), (583, 0.06393742), (655, 0.11682825), (847, 0.10879042), (852, 0.030596582), (857, 0.019478029), (883, 0.05311872), (974, 0.16866077)]"
22,2016-12-17T15:07:56+0000,"[(398, 0.98796344)]"
23,2018-02-26T21:26:02+0000,"[(31, 0.121094495), (62, 0.0163216), (64, 0.0163198), (84, 0.016081514), (143, 0.031273972), (216, 0.02641975), (252, 0.049201403), (331, 0.04057255), (343, 0.033331882), (366, 0.10907124), (398, 0.015998164), (461, 0.050294317), (481, 0.10230594), (564, 0.024304712), (765, 0.047543634), (847, 0.016738964), (890, 0.06085839), (940, 0.032203425), (957, 0.15761234), (966, 0.016931972)]"
24,2007-07-05T00:57:16+0000,"[(39, 0.07424642), (271, 0.03163602), (284, 0.043825127), (322, 0.15513152), (355, 0.026722312), (391, 0.17077163), (427, 0.07324684), (587, 0.05291941), (725, 0.02441598), (739, 0.024907114), (789, 0.0616239), (888, 0.024406968), (944, 0.21198152)]"
25,2018-02-28T14:30:29+0000,"[(218, 0.010705088), (674, 0.9562704)]"
26,2010-07-26T14:19:22+0000,"[(61, 0.026034636), (110, 0.034595836), (182, 0.02181736), (225, 0.07552776), (252, 0.056664955), (260, 0.01832079), (298, 0.014095038), (392, 0.04216745), (470, 0.010354932), (579, 0.046400245), (584, 0.09006527), (597, 0.021636186), (689, 0.036338486), (703, 0.24738222), (751, 0.079234496), (756, 0.014094864), (793, 0.13595074), (886, 0.015475314)]"
27,2012-01-25T20:27:04+0000,"[(86, 0.3014025), (137, 0.1323851), (305, 0.027374247), (462, 0.025502598), (553, 0.09383095), (557, 0.10468492), (558, 0.047299273), (703, 0.031284235), (782, 0.02659361), (889, 0.15742534), (957, 0.027488276)]"
28,2017-07-31T19:31:48+0000,"[(81, 0.2559358), (382, 0.361331), (400, 0.077057265), (536, 0.035096467), (780, 0.15530543), (889, 0.04880187), (994, 0.03336869)]"
29,2012-04-16T16:44:20+0000,"[(113, 0.04404955), (317, 0.1306637), (400, 0.1531963), (443, 0.042962603), (517, 0.10611802), (531, 0.04052585), (540, 0.06608063), (557, 0.037765466), (577, 0.07339932), (665, 0.058096144), (674, 0.08834771), (731, 0.12219629)]"
30,2021-05-11T12:30:01+0000,"[(232, 0.04250882), (427, 0.019455774), (489, 0.010067491), (890, 0.90991074)]"
31,2020-03-18T16:17:43+0000,"[(957, 0.98629546)]"
32,2019-01-10T20:04:07+0000,"[(797, 0.99320376)]"
33,2019-03-03T17:00:13+0000,"[(449, 0.9959223)]"
34,2021-09-03T00:42:01+0000,"[(137, 0.9880023)]"
35,2007-09-12T04:25:04+0000,"[(847, 0.99552107)]"
36,2016-03-22T14:54:22+0000,"[(687, 0.993384)]"
37,2007-03-16T06:24:33+0000,"[(426, 0.99559844)]"
38,2009-10-22T17:23:03+0000,"[(110, 0.02010051), (162, 0.019956391), (301, 0.0156442), (370, 0.12533295), (383, 0.015625235), (432, 0.017511856), (464, 0.121370144), (469, 0.06983251), (570, 0.082213424), (639, 0.021136818), (789, 0.033105224), (836, 0.015639052), (841, 0.017560259), (850, 0.07406512), (889, 0.08883022), (892, 0.18990353), (917, 0.03782942), (989, 0.018994713)]"
39,2012-01-18T22:09:31+0000,"[(130, 0.2501276), (285, 0.13031161), (606, 0.25012454), (850, 0.2448798)]"
40,2021-02-05T17:30:52+0000,"[(162, 0.9963934)]"
41,2011-10-25T21:19:30+0000,"[(59, 0.102785125), (138, 0.09023249), (192, 0.05800267), (228, 0.041371476), (232, 0.085320495), (277, 0.028361086), (294, 0.10537378), (478, 0.06758836), (556, 0.031634096), (679, 0.21281503), (765, 0.028903868), (848, 0.023278), (869, 0.10115683)]"
42,2013-02-26T09:32:17+0000,"[(39, 0.041754145), (41, 0.06761821), (370, 0.34178331), (403, 0.067624725), (499, 0.2048124), (563, 0.066732235), (576, 0.0681903), (687, 0.07534502)]"
43,2006-12-14T23:29:44+0000,"[(985, 0.9851209)]"
44,2012-10-08T09:04:00+0000,"[(327, 0.9980046)]"
45,2009-02-09T22:23:28+0000,"[(374, 0.996237)]"
46,2014-11-13T18:25:56+0000,"[(790, 0.028838301), (956, 0.96567804)]"
47,2010-01-04T20:19:07+0000,"[(53, 0.04770076), (145, 0.04550451), (171, 0.04872089), (235, 0.10296664), (244, 0.054910235), (272, 0.054909434), (400, 0.05551626), (480, 0.05520739), (597, 0.05707354), (622, 0.049860254), (793, 0.15999183), (989, 0.22272378)]"
48,2010-07-08T18:10:10+0000,"[(489, 0.9887655)]"
49,2015-11-23T20:57:10+0000,"[(206, 0.9896927)]"
50,2008-08-29T15:25:24+0000,"[(665, 0.9926543)]"
51,2014-06-17T06:09:51-0400,"[(145, 0.08820187), (196, 0.9047199)]"
52,2017-08-30T20:20:38+0000,"[(385, 0.9946239)]"
53,2012-08-30T18:05:09+0000,"[(39, 0.0704625), (82, 0.078454785), (171, 0.04170131), (191, 0.0502927), (449, 0.105031624), (450, 0.041628882), (517, 0.083409175), (531, 0.08337224), (570, 0.1181732), (713, 0.10646265), (719, 0.04171094), (739, 0.050471324), (847, 0.087102324)]"
54,2011-11-18T17:50:14+0000,"[(89, 0.017419416), (96, 0.14638942), (97, 0.03397461), (130, 0.021886656), (162, 0.027705912), (249, 0.11703533), (252, 0.044264067), (398, 0.06957506), (432, 0.022375612), (478, 0.012411091), (502, 0.07536854), (679, 0.07611738), (687, 0.06652534), (711, 0.019578015), (841, 0.0292214), (869, 0.060652237), (952, 0.11155672), (989, 0.031841945)]"
55,2016-02-05T15:27:47+0000,"[(232, 0.030438535), (876, 0.9631222)]"
56,2015-01-23T19:24:15+0000,"[(220, 0.99108016)]"
57,2013-02-13T12:55:50+0000,"[(563, 0.010273505), (660, 0.97871274)]"
58,2011-11-28T15:05:41+0000,"[(170, 0.98702574)]"
59,2017-10-23T20:11:12+0000,"[(11, 0.023771161), (20, 0.02301012), (61, 0.027593395), (62, 0.0213671), (106, 0.08605606), (118, 0.07628585), (144, 0.023295635), (195, 0.021069499), (231, 0.02585844), (354, 0.07799339), (355, 0.024990497), (371, 0.062377334), (499, 0.021918336), (652, 0.08954275), (707, 0.08904813), (848, 0.020972285), (857, 0.021003969), (865, 0.10494212), (956, 0.13887295)]"
60,2020-09-29T15:55:01+0000,"[(622, 0.99695414)]"
61,2014-01-02T12:38:05+0000,"[(123, 0.03783779), (144, 0.027765995), (164, 0.04176151), (199, 0.06428187), (232, 0.079174556), (277, 0.017368639), (300, 0.18180493), (330, 0.06927669), (451, 0.01711276), (531, 0.077230476), (563, 0.057677552), (587, 0.016554814), (820, 0.15314123), (821, 0.066352434), (850, 0.05799848), (928, 0.0185207)]"
62,2019-01-11T18:29:51+0000,"[(860, 0.9899225)]"
63,2016-12-14T04:06:02+0000,"[(974, 0.98913485)]"
64,2013-05-31T17:12:25+0000,"[(614, 0.9895934)]"
65,2020-04-13T21:08:49+0000,"[(558, 0.99515027)]"
66,2021-02-22T13:30:41+0000,"[(225, 0.098582454), (354, 0.8964447)]"
67,2014-04-07T20:24:50+0000,"[(326, 0.98623526)]"
68,2012-11-01T19:27:00+0000,"[(64, 0.019450517), (84, 0.010415568), (190, 0.011968648), (218, 0.04055272), (317, 0.023921454), (331, 0.025897896), (370, 0.05727808), (469, 0.01309777), (540, 0.010404807), (563, 0.016476396), (565, 0.0124664465), (821, 0.7094937)]"
69,2007-05-04T02:46:24+0000,"[(161, 0.99601984)]"
70,2019-06-09T20:35:14+0000,"[(564, 0.9961278)]"
71,2020-02-14T16:54:58+0000,"[(788, 0.99717784)]"
72,2009-07-28T16:50:50+0000,"[(86, 0.05430833), (280, 0.08998675), (492, 0.41559133), (881, 0.022492396), (883, 0.1401033), (918, 0.061206028), (948, 0.16113442)]"
73,2007-04-16T17:48:42+0000,"[(193, 0.01861002), (253, 0.016063904), (398, 0.12631942), (461, 0.08831381), (519, 0.034674782), (579, 0.021983115), (597, 0.22312926), (620, 0.01597218), (652, 0.018920375), (663, 0.033897888), (711, 0.09532703), (731, 0.13332129), (889, 0.030603206), (934, 0.0152675165), (975, 0.015330526), (989, 0.098000415)]"
74,2017-10-24T09:26:38+0000,"[(370, 0.993596)]"
75,2016-07-08T09:29:58-0400,"[(464, 0.99741656)]"
76,2011-09-07T14:51:39+0000,"[(137, 0.058883585), (383, 0.28047618), (427, 0.05887528), (576, 0.11919703), (648, 0.1209855), (663, 0.109263286), (881, 0.07627863), (944, 0.11766002)]"
77,2020-12-23T16:13:36+0000,"[(477, 0.990394)]"
78,2012-07-18T16:51:47+0000,"[(53, 0.11434402), (156, 0.081532404), (187, 0.05988353), (231, 0.029005423), (462, 0.029611882), (519, 0.12637155), (544, 0.026211446), (641, 0.14194615), (648, 0.33437595), (973, 0.03066187)]"
79,2009-08-17T18:49:35+0000,"[(7, 0.07560726), (61, 0.22825195), (330, 0.19709958), (469, 0.06254781), (580, 0.104225375), (820, 0.06355846), (974, 0.1441365), (984, 0.062556095)]"
80,2019-01-21T14:51:25+0000,"[(39, 0.058884308), (138, 0.05884825), (271, 0.058889262), (331, 0.06712221), (343, 0.15040992), (402, 0.10790551), (531, 0.17654832), (678, 0.080635756), (957, 0.18120107)]"
81,2007-07-18T18:09:35+0000,"[(383, 0.011472147), (392, 0.026247578), (453, 0.90694636), (620, 0.02751332), (663, 0.017903928)]"
82,2020-06-09T06:27:35+0000,"[(203, 0.16121975), (335, 0.33423486), (382, 0.19940896), (563, 0.057329986), (620, 0.060447123), (718, 0.13213332)]"
83,2020-06-29T23:01:54+0000,"[(689, 0.9956374)]"
84,2012-10-01T20:39:00+0000,
85,2010-06-28T18:32:18+0000,"[(144, 0.21130513), (231, 0.09831084), (330, 0.09378214), (553, 0.4153158), (765, 0.098359026)]"
86,2017-01-24T23:15:09+0000,"[(191, 0.9904854)]"
87,2015-02-13T22:39:51+0000,"[(53, 0.2387658), (190, 0.052688543), (483, 0.20658788), (502, 0.3147507), (867, 0.055210978), (944, 0.07658738)]"
88,2014-12-05T15:35:11+0000,"[(89, 0.042457692), (171, 0.07840186), (256, 0.37642232), (272, 0.06440098), (443, 0.037322313), (665, 0.12515089), (764, 0.2324194)]"
89,2016-09-20T11:24:53+0000,"[(917, 0.9876192)]"
90,2011-06-07T17:57:49+0000,"[(532, 0.99275875)]"
91,2021-10-18T08:00:25+0000,"[(41, 0.026357504), (81, 0.024218902), (154, 0.052058827), (170, 0.050225224), (203, 0.045990784), (216, 0.023023201), (252, 0.05110919), (271, 0.034437537), (400, 0.104870744), (402, 0.10448459), (519, 0.059825353), (663, 0.035355672), (681, 0.022231432), (689, 0.1127226), (702, 0.02736117), (783, 0.06342461), (789, 0.028153524), (827, 0.07080005), (984, 0.011326773), (997, 0.027543562)]"
92,2016-02-05T16:37:00+0000,"[(64, 0.041801933), (101, 0.02101557), (126, 0.021548202), (153, 0.024487881), (183, 0.08474871), (191, 0.019101782), (199, 0.027328923), (253, 0.017704735), (272, 0.029157631), (284, 0.017172381), (370, 0.018783856), (484, 0.030526543), (502, 0.08146463), (579, 0.031833608), (620, 0.0581522), (679, 0.023362536), (689, 0.12884833), (751, 0.041148484), (789, 0.070329085), (824, 0.031767752), (889, 0.13427876), (952, 0.029902171)]"
93,2015-10-12T05:13:49+0000,"[(62, 0.98855656)]"
94,2015-03-29T03:13:57+0000,"[(523, 0.9917525)]"
95,2012-10-02T18:23:00+0000,"[(82, 0.01740869), (200, 0.010739151), (231, 0.016785156), (294, 0.025636021), (327, 0.021110974), (335, 0.033781), (370, 0.042937696), (570, 0.020231653), (673, 0.021819916), (718, 0.6129138), (793, 0.011749018), (888, 0.09662001), (971, 0.015799409)]"
96,2018-11-30T11:38:30+0000,"[(579, 0.9935547)]"
97,2016-07-22T11:44:12+0000,"[(144, 0.99608225)]"
98,2011-11-17T11:50:06+0000,"[(55, 0.06004664), (62, 0.1739807), (146, 0.14616998), (327, 0.09873199), (770, 0.113715574), (973, 0.12984157), (989, 0.2190952)]"
99,2021-02-19T16:48:01+0000,"[(681, 0.9895098)]"
100,2014-08-21T08:59:31+0000,"[(15, 0.06402519), (64, 0.034485217), (366, 0.082108155), (400, 0.055338986), (489, 0.12046551), (606, 0.064369805), (632, 0.10348946), (847, 0.36046), (883, 0.03450674), (975, 0.046037838)]"
101,2018-02-13T05:00:00+0000,"[(235, 0.9967293)]"
102,2012-10-09T06:12:00+0000,"[(6, 0.030656861), (39, 0.028108427), (53, 0.07602176), (123, 0.042302974), (191, 0.02214165), (205, 0.056104556), (269, 0.19535671), (285, 0.06779436), (366, 0.02836741), (398, 0.023399785), (400, 0.027649501), (447, 0.09769769), (719, 0.027830934), (783, 0.02921927), (801, 0.024495866), (860, 0.01124745), (863, 0.10525959), (928, 0.041320387), (936, 0.036178928)]"
103,2008-03-18T01:15:41+0000,"[(101, 0.016390646), (113, 0.38399056), (203, 0.012520338), (225, 0.010129343), (280, 0.014301603), (294, 0.051404618), (317, 0.032497033), (318, 0.016225029), (322, 0.02041926), (327, 0.015549552), (370, 0.03831144), (375, 0.03153328), (400, 0.015706424), (499, 0.013268272), (516, 0.020558685), (620, 0.015261885), (648, 0.03703883), (679, 0.027800126), (783, 0.031888895), (827, 0.011837991), (952, 0.038988788), (974, 0.01676134)]"
104,2007-08-16T21:27:50+0000,"[(153, 0.11577477), (195, 0.030701889), (203, 0.037849844), (218, 0.11140513), (370, 0.32042545), (379, 0.030988129), (536, 0.03123377), (606, 0.030327179), (674, 0.06942766), (770, 0.03962137), (886, 0.054640394), (989, 0.0976608)]"
105,2015-10-16T17:21:29+0000,"[(28, 0.06792621), (118, 0.06455679), (170, 0.040208824), (216, 0.04812387), (369, 0.09882489), (461, 0.07863598), (469, 0.08657857), (580, 0.049011637), (648, 0.036723033), (689, 0.1506795), (712, 0.07285688), (750, 0.075000286), (762, 0.096364975)]"
106,2017-11-08T12:52:00+0000,"[(41, 0.20449983), (59, 0.1386076), (171, 0.055412553), (235, 0.027096933), (271, 0.024300953), (349, 0.05710796), (461, 0.023375692), (515, 0.034886956), (536, 0.026219727), (540, 0.07679756), (571, 0.14099778), (652, 0.025489807), (794, 0.1427676)]"
107,2018-05-09T14:37:57+0000,"[(161, 0.02760585), (218, 0.058966145), (307, 0.09019709), (470, 0.14250372), (655, 0.1678687), (661, 0.029498776), (713, 0.026259413), (801, 0.08572611), (806, 0.095519066), (875, 0.028395437), (890, 0.06051391), (957, 0.026228769), (974, 0.1359752)]"
108,2017-04-27T19:23:42+0000,"[(825, 0.99311)]"
109,2011-06-13T21:32:25+0000,"[(252, 0.051412173), (318, 0.098451726), (335, 0.1000493), (385, 0.05062677), (391, 0.049471952), (407, 0.08215188), (687, 0.050043143), (782, 0.071312785), (827, 0.07128006), (850, 0.055434603), (869, 0.21696602), (944, 0.053389523)]"
110,2016-07-21T18:59:41+0000,"[(565, 0.9934705)]"
111,2013-05-20T17:39:16+0000,"[(277, 0.9924317)]"
112,2020-09-06T18:58:46+0000,"[(6, 0.9954173)]"
113,2017-06-26T15:12:46+0000,"[(110, 0.11339692), (144, 0.020256985), (193, 0.10607737), (230, 0.01696683), (232, 0.030064225), (277, 0.018615851), (289, 0.019421034), (322, 0.04648986), (531, 0.01948814), (663, 0.16319668), (673, 0.055764332), (750, 0.11962996), (771, 0.05389924), (801, 0.01960957), (826, 0.02721526), (838, 0.042628832), (860, 0.019973207), (862, 0.090657674)]"
114,2017-09-06T07:25:38+0000,"[(64, 0.98968625)]"
115,2011-08-16T01:13:41+0000,"[(713, 0.9942253)]"
116,2020-02-28T20:36:23+0000,"[(379, 0.99415773)]"
117,2011-03-30T20:25:57+0000,"[(679, 0.99590486)]"
118,2015-09-25T10:00:00+0000,"[(484, 0.99248487)]"
119,2013-04-09T21:52:09+0000,"[(502, 0.9971374)]"
120,2007-11-12T14:23:23+0000,"[(86, 0.99482375)]"
121,2020-02-20T03:08:38+0000,"[(450, 0.9936368)]"
122,2008-06-11T16:42:59+0000,"[(137, 0.105325215), (253, 0.055525932), (414, 0.054954115), (432, 0.11365606), (532, 0.10729107), (583, 0.052681338), (620, 0.10132281), (750, 0.2956614), (957, 0.06141632)]"
123,2018-11-07T10:46:58+0000,"[(11, 0.99499434)]"
124,2013-03-11T16:59:38+0000,"[(84, 0.04231641), (86, 0.061736356), (146, 0.022369005), (164, 0.022844827), (190, 0.020853868), (203, 0.070224255), (335, 0.02404601), (597, 0.21343005), (623, 0.03591449), (661, 0.026625846), (679, 0.09967204), (751, 0.06582625), (793, 0.18148479), (952, 0.09139886)]"
125,2016-09-23T09:16:52+0000,"[(6, 0.013654103), (64, 0.017026737), (86, 0.111898966), (182, 0.021977687), (267, 0.029216053), (318, 0.18329671), (328, 0.01380292), (394, 0.014278849), (464, 0.019000586), (564, 0.03720763), (650, 0.042263214), (665, 0.015294332), (770, 0.13756722), (803, 0.052955806), (852, 0.020181397), (918, 0.016426947), (973, 0.07065951), (985, 0.17024724)]"
126,2021-09-09T11:40:58+0000,"[(7, 0.10362645), (164, 0.15129796), (171, 0.10870701), (393, 0.11195628), (920, 0.16265659), (952, 0.26235035)]"
127,2011-05-19T17:45:37+0000,"[(53, 0.06673283), (96, 0.20347902), (579, 0.14162777), (702, 0.06673466), (827, 0.09132054), (857, 0.11642631), (989, 0.2463956)]"
128,2013-07-28T11:00:00+0000,"[(59, 0.99396306)]"
129,2016-08-20T08:11:46+0000,"[(570, 0.99479675)]"
130,2020-09-16T03:07:16+0000,"[(576, 0.9937949)]"
131,2020-11-12T00:23:38+0000,"[(39, 0.028708164), (55, 0.098878205), (145, 0.022249315), (212, 0.028746307), (330, 0.06423552), (355, 0.2777785), (483, 0.023930866), (489, 0.065442055), (515, 0.023083076), (577, 0.025219468), (606, 0.058179423), (707, 0.06708279), (762, 0.08076487), (764, 0.026056737), (838, 0.087678514)]"
132,2008-03-14T09:54:35+0000,"[(51, 0.09187789), (130, 0.09528629), (164, 0.014475191), (284, 0.04767188), (285, 0.058933284), (398, 0.25269127), (410, 0.09233028), (414, 0.047661684), (563, 0.05293522), (650, 0.09978276), (984, 0.099252306)]"
133,2017-03-13T13:30:24+0000,"[(89, 0.9869164)]"
134,2019-03-27T16:51:47+0000,"[(544, 0.99699086)]"
135,2014-03-18T12:56:09+0000,"[(81, 0.13084923), (89, 0.09094761), (277, 0.07436371), (348, 0.052475393), (389, 0.043216623), (418, 0.030330395), (483, 0.069165), (519, 0.078051485), (532, 0.09408153), (578, 0.06944812), (687, 0.08555319), (806, 0.030894741), (881, 0.033305727), (944, 0.08743208)]"
136,2019-02-01T07:02:21+0000,"[(64, 0.08697721), (199, 0.07565386), (203, 0.34158295), (544, 0.081613034), (892, 0.33336562)]"
137,2016-09-09T09:17:00+0000,"[(38, 0.016554156), (62, 0.027078504), (82, 0.042070407), (84, 0.022118242), (86, 0.026763864), (154, 0.10587406), (182, 0.016794423), (203, 0.074068286), (218, 0.03978739), (225, 0.021089245), (307, 0.016408576), (393, 0.020816842), (517, 0.035430662), (570, 0.23522082), (606, 0.058742605), (620, 0.017135378), (687, 0.0845957), (707, 0.04167675), (762, 0.032786984), (985, 0.049176853)]"
138,2021-05-07T13:10:06+0000,"[(45, 0.9966362)]"
139,2017-01-30T14:06:33+0000,"[(15, 0.043184076), (55, 0.01999598), (81, 0.100533724), (113, 0.104695514), (153, 0.080598235), (177, 0.03280495), (216, 0.017138198), (218, 0.043604776), (256, 0.034741342), (369, 0.03941509), (370, 0.06647785), (477, 0.057294074), (637, 0.017248275), (728, 0.035230007), (731, 0.020886604), (852, 0.042929545), (881, 0.032804362), (883, 0.050234385), (889, 0.07122153), (974, 0.072892405)]"
140,2011-07-18T07:54:48+0000,"[(6, 0.0800385), (45, 0.0494826), (73, 0.047642685), (123, 0.07857241), (252, 0.051616695), (285, 0.13568175), (414, 0.09327527), (474, 0.049703285), (481, 0.049505055), (606, 0.09135705), (765, 0.075389996), (771, 0.04765292), (930, 0.047675494), (957, 0.05544225)]"
141,2021-02-11T21:53:14+0000,"[(73, 0.6961627), (153, 0.050639905), (162, 0.011264657), (259, 0.010963883), (370, 0.028931776), (469, 0.02158993), (679, 0.025162166), (801, 0.056885608), (803, 0.02779628), (989, 0.027228083), (997, 0.0181138)]"
142,2012-01-11T14:38:47+0000,"[(153, 0.9883835)]"
143,2017-02-02T23:10:50+0000,"[(82, 0.06429455), (123, 0.09529411), (170, 0.053996317), (214, 0.04764447), (247, 0.04767205), (402, 0.14063454), (551, 0.0476479), (762, 0.094079256), (786, 0.06291362), (797, 0.1378325), (821, 0.09994755), (967, 0.06093788)]"
144,2016-11-30T20:06:08+0000,"[(950, 0.9915337)]"
145,2018-06-06T16:30:41+0000,"[(623, 0.9924886)]"
146,2016-01-11T11:29:03-0500,"[(137, 0.020840624), (170, 0.011887927), (355, 0.01604325), (370, 0.011952642), (371, 0.01351754), (400, 0.017232988), (515, 0.027317468), (519, 0.016295603), (650, 0.7443583), (688, 0.04180206), (788, 0.010214228), (952, 0.013482013)]"
147,2014-11-29T12:21:36+0000,"[(235, 0.029562498), (277, 0.06888776), (307, 0.044573117), (375, 0.025816051), (563, 0.097435676), (564, 0.022450894), (587, 0.04356023), (639, 0.078850344), (641, 0.021151097), (713, 0.020709159), (721, 0.093413554), (771, 0.03840491), (780, 0.018591505), (806, 0.113122135), (820, 0.032987837), (826, 0.04911439), (863, 0.10754606), (875, 0.07528942)]"
148,2020-09-17T15:57:50+0000,"[(23, 0.9885385)]"
149,2011-02-07T23:10:42+0000,"[(39, 0.04103096), (47, 0.018209409), (73, 0.018414775), (75, 0.014099742), (96, 0.020552803), (126, 0.025923822), (199, 0.066910386), (203, 0.048233867), (301, 0.013529314), (366, 0.020782154), (432, 0.060024668), (469, 0.019300159), (516, 0.01582428), (564, 0.057739582), (620, 0.014542596), (703, 0.075040996), (793, 0.17236996), (826, 0.026379643), (847, 0.03429933), (892, 0.039876346), (920, 0.053523973), (932, 0.014100194), (952, 0.05339327), (989, 0.06123696)]"
150,2015-04-13T16:16:05+0000,"[(330, 0.99468577)]"
151,2012-11-05T06:36:34+0000,"[(64, 0.089352235), (232, 0.045500677), (327, 0.36913806), (599, 0.045193017), (620, 0.11726121), (655, 0.090943284), (867, 0.13639526), (869, 0.055613354)]"
152,2020-12-04T18:28:39+0000,"[(31, 0.05645602), (379, 0.037527055), (639, 0.86124855), (788, 0.0168565)]"
153,2020-10-14T09:48:51+0000,"[(655, 0.9931479)]"
154,2009-04-01T14:20:14+0000,"[(267, 0.995599)]"
155,2016-07-08T13:34:27+0000,"[(228, 0.08030305), (256, 0.059507642), (272, 0.09634573), (289, 0.01875161), (300, 0.03887864), (343, 0.032266747), (385, 0.0387441), (400, 0.0421077), (427, 0.02512185), (462, 0.029695872), (499, 0.038627215), (641, 0.047557786), (644, 0.05311402), (652, 0.042037245), (692, 0.01696458), (711, 0.07098411), (713, 0.020154452), (750, 0.026319493), (751, 0.06182788), (794, 0.020103857), (940, 0.017099567), (971, 0.106906235)]"
156,2016-04-28T20:26:47+0000,"[(540, 0.9927603)]"
157,2012-10-08T10:56:30+0000,
158,2020-07-28T15:00:07+0000,"[(191, 0.028025705), (285, 0.014575457), (663, 0.03666881), (740, 0.9102223)]"
159,2018-02-26T06:41:19+0000,"[(89, 0.027294502), (97, 0.9234386), (330, 0.03259384)]"
160,2009-08-20T15:32:56+0000,"[(123, 0.99146134)]"
161,2016-03-14T19:58:52+0000,"[(101, 0.08738809), (110, 0.026360866), (118, 0.023205481), (138, 0.15764949), (153, 0.15539356), (192, 0.030529065), (232, 0.026016606), (305, 0.04512655), (383, 0.09074431), (393, 0.042463925), (505, 0.05496385), (519, 0.07512958), (556, 0.022233518), (605, 0.020854842), (917, 0.09033182), (974, 0.03012876)]"
162,2016-12-12T20:19:03+0000,"[(183, 0.99521977)]"
163,2015-08-03T10:18:40+0000,"[(307, 0.98750633)]"
164,2010-11-12T18:28:03+0000,"[(349, 0.011436495), (447, 0.02034049), (462, 0.017140457), (515, 0.87932557)]"
165,2007-01-18T19:57:17+0000,"[(481, 0.9929606)]"
166,2016-10-12T09:45:55+0000,"[(59, 0.09862953), (118, 0.018563079), (214, 0.2541194), (327, 0.054919295), (335, 0.01734303), (349, 0.024183242), (366, 0.025016453), (369, 0.07569742), (383, 0.01766255), (391, 0.013958744), (392, 0.032275327), (398, 0.017649394), (460, 0.016144779), (480, 0.020977011), (483, 0.01814), (492, 0.027667437), (522, 0.016148157), (548, 0.016535144), (606, 0.06345826), (631, 0.038263172), (632, 0.06455142), (652, 0.035836432), (820, 0.016497139)]"
167,2011-03-02T13:08:52+0000,"[(106, 0.99131227)]"
168,2011-06-11T19:58:27+0000,"[(55, 0.06671901), (156, 0.07348624), (208, 0.067680165), (267, 0.0649612), (347, 0.05968489), (368, 0.13341545), (393, 0.12304527), (400, 0.066724464), (532, 0.06672635), (563, 0.06673249), (587, 0.066740476), (650, 0.07820271)]"
169,2014-04-24T04:08:05+0000,"[(64, 0.017048763), (130, 0.038338676), (145, 0.17322916), (162, 0.059066035), (182, 0.023875317), (199, 0.058834407), (214, 0.045825172), (235, 0.19146378), (348, 0.02283466), (349, 0.07040709), (402, 0.05818862), (495, 0.023280835), (583, 0.11341665), (650, 0.035442524), (881, 0.02378725), (920, 0.024456192)]"
170,2012-07-10T18:59:14+0000,"[(153, 0.20008673), (187, 0.10010742), (398, 0.26652816), (443, 0.101690836), (780, 0.033690177), (860, 0.19848628)]"
171,2015-06-16T12:56:19+0000,"[(874, 0.9897216)]"
172,2009-09-25T13:31:52+0000,"[(153, 0.020377314), (199, 0.93620396), (801, 0.031074336)]"
173,2014-05-08T14:53:51+0000,"[(64, 0.09602724), (89, 0.027717486), (154, 0.08410985), (187, 0.037593544), (206, 0.020899916), (267, 0.025430504), (382, 0.068629906), (443, 0.024223978), (444, 0.017556638), (469, 0.07745536), (702, 0.06480169), (739, 0.025069665), (762, 0.048263732), (771, 0.029459463), (863, 0.320672), (881, 0.01482269)]"
174,2009-07-14T20:07:09+0000,"[(997, 0.9878168)]"
175,2019-09-26T09:27:32+0000,"[(16, 0.04862125), (50, 0.04617046), (145, 0.1885789), (183, 0.09821659), (195, 0.0508824), (212, 0.027785072), (244, 0.025778193), (347, 0.025180832), (348, 0.029611291), (375, 0.07167457), (394, 0.024605397), (414, 0.055271853), (522, 0.02383711), (563, 0.048007417), (632, 0.023838058), (648, 0.02583676), (650, 0.03880421), (707, 0.079831995), (750, 0.030426485), (973, 0.013701483)]"
176,2013-02-28T11:47:45+0000,"[(15, 0.09481584), (110, 0.0122071905), (113, 0.0133801345), (153, 0.017701743), (331, 0.0487482), (370, 0.017290797), (382, 0.054735977), (392, 0.022935485), (400, 0.044915207), (489, 0.014638081), (583, 0.017010702), (655, 0.21156049), (673, 0.028942335), (783, 0.011321775), (857, 0.014151629), (883, 0.30925825), (974, 0.035547704)]"
177,2012-09-24T21:22:51+0000,"[(11, 0.33110684), (97, 0.06569959), (392, 0.032286543), (517, 0.16875763), (803, 0.15481846), (876, 0.08063116), (989, 0.102404065), (994, 0.032292064)]"
178,2015-10-14T18:20:54+0000,"[(39, 0.98849905)]"
179,2012-09-10T00:02:03+0000,"[(38, 0.088340685), (443, 0.08337649), (597, 0.083337), (652, 0.083420575), (702, 0.083389916), (852, 0.49515238)]"
180,2019-06-04T00:48:42+0000,"[(16, 0.9928304)]"
181,2019-03-12T14:43:17+0000,"[(571, 0.99045)]"
182,2009-07-06T19:41:44+0000,"[(15, 0.07699384), (228, 0.07699135), (392, 0.11860507), (556, 0.2020747), (599, 0.19745179), (790, 0.0770021), (794, 0.17448941)]"
183,2017-02-03T13:01:52+0000,"[(39, 0.012391772), (598, 0.029815204), (801, 0.022735804), (917, 0.932249)]"
184,2017-10-12T11:20:30+0000,
185,2007-03-15T01:22:09+0000,"[(370, 0.0677656), (944, 0.9284396)]"
186,2012-10-26T04:59:00+0000,"[(558, 0.9910979)]"
187,2015-03-25T16:57:43+0000,"[(232, 0.9853086)]"
188,2011-02-18T00:01:57+0000,"[(7, 0.18739334), (61, 0.28526723), (130, 0.16586128), (489, 0.11093053), (547, 0.08341573), (801, 0.08341133)]"
189,2021-04-19T13:06:24+0000,"[(764, 0.99086815)]"
190,2007-11-14T21:36:16+0000,"[(86, 0.13049158), (145, 0.05325329), (267, 0.11750112), (377, 0.04351909), (383, 0.1567267), (567, 0.045373775), (620, 0.08700378), (654, 0.07671111), (725, 0.04120622), (771, 0.06411898), (917, 0.14108838)]"
191,2021-07-27T14:17:49+0000,"[(31, 0.9961755)]"
192,2015-07-04T15:28:03+0000,"[(382, 0.9940792)]"
193,2020-07-30T16:35:10+0000,"[(256, 0.9954275)]"
194,2014-02-12T14:24:15+0000,"[(51, 0.03725435), (193, 0.11984982), (206, 0.034062427), (218, 0.06024357), (250, 0.25351843), (271, 0.064397514), (374, 0.02068514), (394, 0.027436256), (444, 0.012897452), (475, 0.013523428), (484, 0.06722187), (505, 0.019465951), (620, 0.023971535), (644, 0.04728301), (665, 0.015593327), (728, 0.028904347), (740, 0.0388237), (857, 0.023111813), (917, 0.016002586), (989, 0.06250666)]"
195,2012-10-02T13:35:00+0000,"[(499, 0.99751484)]"
196,2021-06-17T13:36:06+0000,"[(369, 0.99495417)]"
197,2017-08-04T09:36:11+0000,"[(59, 0.04578954), (183, 0.08010395), (271, 0.064696856), (285, 0.056963492), (398, 0.089960314), (427, 0.07810869), (432, 0.086646855), (557, 0.02916987), (623, 0.01561747), (631, 0.053487834), (801, 0.032062747), (821, 0.06294794), (874, 0.016358469), (908, 0.029513469), (920, 0.1687788), (952, 0.07441615)]"
198,2018-06-07T15:06:40+0000,"[(118, 0.98824686)]"
199,2012-06-11T16:32:50+0000,"[(31, 0.12307459), (45, 0.08827333), (285, 0.2351928), (398, 0.053998508), (563, 0.09779823), (577, 0.052276935), (606, 0.046674713), (654, 0.08366437), (917, 0.09472912), (965, 0.040039305), (975, 0.044712838)]"
200,2011-01-27T22:45:01+0000,"[(15, 0.1437453), (182, 0.050992623), (383, 0.24745378), (519, 0.12281107), (663, 0.06950288), (803, 0.20848885), (956, 0.09080144)]"
201,2015-05-09T18:00:00+0000,"[(578, 0.99480903)]"
202,2014-08-25T21:02:12+0000,"[(187, 0.016162997), (232, 0.048973728), (597, 0.8793683), (952, 0.05098273)]"
203,2008-05-07T22:43:32+0000,"[(96, 0.29283732), (249, 0.17217453), (457, 0.055613864), (461, 0.06411607), (487, 0.11684776), (654, 0.104292266), (679, 0.13894758)]"
204,2018-06-12T12:37:08+0000,"[(214, 0.98810416)]"
205,2015-07-24T22:13:30+0000,"[(973, 0.990551)]"
206,2015-08-24T01:00:15+0000,"[(793, 0.990918)]"
207,2017-05-28T19:12:49+0000,"[(389, 0.9959056)]"
208,2019-05-13T13:51:01+0000,"[(269, 0.9956564)]"
209,2013-04-17T16:11:36+0000,"[(130, 0.99157506)]"
210,2012-10-02T15:00:00+0000,"[(235, 0.01568448), (285, 0.022665124), (366, 0.018837303), (548, 0.8446961), (584, 0.02059404), (620, 0.0103820935), (654, 0.011303553), (821, 0.023040531)]"
211,2014-07-18T12:39:41+0000,"[(82, 0.061051674), (123, 0.017305715), (253, 0.07917716), (327, 0.13082485), (335, 0.07580524), (366, 0.07076662), (369, 0.065109536), (371, 0.030281482), (392, 0.019180313), (573, 0.031268615), (707, 0.09740562), (711, 0.099039555), (867, 0.025159324), (869, 0.12545303), (989, 0.05523925)]"
212,2012-10-03T15:24:00+0000,"[(462, 0.99569386)]"
213,2011-10-27T23:36:57+0000,"[(31, 0.0863805), (183, 0.10139784), (203, 0.045884706), (305, 0.11113751), (322, 0.17553596), (383, 0.047013618), (427, 0.07128288), (517, 0.19800307), (824, 0.078143), (875, 0.057708837)]"
214,2008-12-02T23:03:21+0000,"[(39, 0.04473643), (123, 0.017855402), (130, 0.026325673), (137, 0.0197981), (145, 0.012508602), (165, 0.04282186), (171, 0.043580588), (198, 0.018136285), (207, 0.017876511), (244, 0.036865592), (292, 0.05175099), (294, 0.10578149), (322, 0.116891816), (370, 0.02516357), (517, 0.019639995), (641, 0.09158286), (679, 0.07084032), (712, 0.021107731), (725, 0.017878013), (731, 0.062545866), (738, 0.0178709), (782, 0.024115914), (789, 0.03175582), (952, 0.045137044)]"
215,2015-06-20T13:53:30+0000,"[(382, 0.9910628)]"
216,2016-03-16T23:11:42+0000,"[(23, 0.025214909), (156, 0.02496123), (192, 0.1050494), (232, 0.029291866), (327, 0.024969107), (385, 0.02553264), (478, 0.2837572), (681, 0.037647408), (687, 0.09491394), (707, 0.0555319), (712, 0.1006798), (731, 0.03821234), (762, 0.023995733), (869, 0.025066389), (944, 0.08215029)]"
217,2021-03-30T12:27:27+0000,"[(480, 0.99199677)]"
218,2017-12-13T21:31:38+0000,"[(989, 0.99265414)]"
219,2013-05-14T12:02:00+0000,"[(171, 0.015823921), (183, 0.071453184), (203, 0.06522082), (218, 0.024920896), (249, 0.09668873), (252, 0.077114224), (317, 0.12744229), (400, 0.09670722), (443, 0.01654247), (480, 0.015375772), (584, 0.025132693), (606, 0.01756352), (615, 0.012832583), (652, 0.059763353), (689, 0.01469893), (713, 0.017563637), (728, 0.016206054), (745, 0.03647766), (771, 0.08459164), (928, 0.032473177), (952, 0.06285219)]"
220,2011-03-31T10:00:22+0000,"[(244, 0.9289024), (349, 0.041675925)]"
221,2018-10-31T10:38:22+0000,"[(750, 0.97646964), (762, 0.021107862)]"
222,2015-01-16T13:24:27+0000,"[(64, 0.042344477), (153, 0.16285211), (252, 0.124411196), (301, 0.0435254), (354, 0.103656925), (536, 0.04525484), (587, 0.050524794), (728, 0.043694794), (790, 0.08700492), (827, 0.08815705), (971, 0.16555446)]"
223,2019-08-25T19:04:53+0000,"[(875, 0.9903996)]"
224,2016-06-20T10:00:00+0000,"[(663, 0.99010867)]"
225,2013-03-25T16:49:04+0000,"[(97, 0.06918208), (190, 0.033371452), (203, 0.21786931), (218, 0.0372406), (271, 0.033358425), (327, 0.1212436), (374, 0.036552984), (392, 0.03336849), (450, 0.0667037), (548, 0.04065766), (620, 0.12168742), (764, 0.03647888), (886, 0.08568466), (957, 0.033728097)]"
226,2007-11-20T23:20:17+0000,"[(110, 0.13217749), (130, 0.038269363), (267, 0.105049536), (418, 0.11125554), (556, 0.08355467), (584, 0.108430006), (620, 0.08247086), (678, 0.045056257), (793, 0.11923444), (878, 0.13782974)]"
227,2017-03-28T17:54:40+0000,"[(940, 0.99194336)]"
228,2017-05-30T01:02:20+0000,"[(191, 0.016196182), (195, 0.05572842), (233, 0.01522879), (253, 0.030854324), (343, 0.036610074), (449, 0.016373256), (469, 0.024483338), (517, 0.016501395), (577, 0.053213716), (587, 0.01558811), (606, 0.071721755), (622, 0.06883505), (661, 0.16131705), (713, 0.14012234), (739, 0.014761698), (771, 0.040602244), (847, 0.023994453), (876, 0.015203789), (952, 0.04070203), (985, 0.12795782)]"
229,2009-08-07T15:05:40+0000,"[(82, 0.15873851), (300, 0.08836742), (335, 0.07580758), (563, 0.06385857), (632, 0.14293021), (782, 0.08101916), (838, 0.071486875), (857, 0.110039674), (881, 0.1369602)]"
230,2012-10-24T12:00:00+0000,"[(407, 0.8802685), (551, 0.064238526), (614, 0.050913896)]"
231,2013-08-16T17:03:20+0000,"[(620, 0.9891402)]"
232,2016-06-20T15:20:56+0000,"[(827, 0.9882559)]"
233,2008-12-05T02:12:17+0000,"[(584, 0.99194324)]"
234,2011-09-26T22:57:13+0000,"[(20, 0.03583216), (41, 0.03481857), (59, 0.035201717), (196, 0.07355645), (277, 0.066433184), (383, 0.12163297), (462, 0.12011993), (564, 0.18319988), (577, 0.082499154), (637, 0.078335084), (762, 0.03782382), (782, 0.062230345), (803, 0.032812137)]"
235,2007-04-20T00:45:20+0000,"[(55, 0.054904334), (145, 0.047801286), (153, 0.10117789), (161, 0.032050367), (165, 0.036781464), (168, 0.081848904), (170, 0.10151584), (203, 0.029083788), (232, 0.09578173), (383, 0.08375829), (577, 0.047588833), (652, 0.049102724), (739, 0.054336224), (765, 0.08525666), (801, 0.040381636), (890, 0.03360494)]"
236,2012-10-03T12:47:00+0000,"[(984, 0.9902228)]"
237,2008-06-13T15:56:23+0000,"[(712, 0.98990893)]"
238,2012-10-05T17:37:00+0000,"[(470, 0.98990893)]"
239,2015-10-30T06:37:06+0000,"[(75, 0.018887376), (81, 0.06889133), (86, 0.13339989), (126, 0.028222494), (146, 0.1818034), (218, 0.08621334), (231, 0.019218523), (370, 0.034925822), (400, 0.081670046), (489, 0.06747059), (577, 0.024006683), (652, 0.019274192), (794, 0.082372874), (889, 0.045109916), (934, 0.023632737), (974, 0.06633141)]"
240,2017-03-08T19:54:28+0000,"[(101, 0.996272)]"
241,2018-06-06T09:53:18+0000,"[(536, 0.9934703)]"
242,2008-01-24T16:35:23+0000,"[(15, 0.22123867), (146, 0.13581501), (271, 0.10094218), (327, 0.09797958), (745, 0.062166627), (803, 0.24062572), (841, 0.09804993)]"
243,2015-11-24T11:25:41+0000,"[(171, 0.022705514), (272, 0.02097975), (280, 0.09634347), (317, 0.02866794), (553, 0.19297485), (564, 0.056654897), (577, 0.059568804), (623, 0.059075706), (762, 0.03736451), (780, 0.081761196), (782, 0.076375194), (850, 0.04737695), (957, 0.11889361), (984, 0.08104999)]"
244,2017-02-09T10:03:23+0000,"[(41, 0.9637602), (285, 0.014767746), (663, 0.012457061)]"
245,2016-10-21T12:08:24-0400,"[(225, 0.9971724)]"
246,2020-06-15T11:48:04+0000,"[(650, 0.98881865)]"
247,2012-11-02T18:26:00+0000,"[(641, 0.99422526)]"
248,2018-12-20T13:03:48+0000,"[(820, 0.99710006)]"
249,2010-03-04T17:05:29+0000,"[(145, 0.026120475), (191, 0.016435334), (192, 0.074975446), (232, 0.056177158), (233, 0.015169292), (235, 0.03839951), (348, 0.118644625), (369, 0.016990883), (371, 0.016623741), (374, 0.11008924), (461, 0.057521697), (553, 0.1575991), (598, 0.046041004), (788, 0.016765594), (789, 0.029749455), (806, 0.15290734), (821, 0.01902981), (874, 0.015823038)]"
250,2014-10-02T19:56:18+0000,"[(51, 0.0230801), (55, 0.060120083), (82, 0.01836757), (143, 0.029420033), (145, 0.01441028), (208, 0.07879373), (218, 0.035664104), (269, 0.015926255), (328, 0.044044804), (343, 0.070259996), (403, 0.018799074), (426, 0.053699296), (519, 0.03132546), (577, 0.09539039), (584, 0.06693524), (622, 0.01985947), (655, 0.013465834), (688, 0.016001923), (689, 0.049547546), (750, 0.07407979), (770, 0.08399862), (788, 0.01872351), (803, 0.022757756), (875, 0.014925458), (984, 0.01739841)]"
251,2017-04-11T17:15:00+0000,"[(28, 0.129645), (130, 0.04205591), (328, 0.071818516), (444, 0.04171029), (477, 0.53748655), (825, 0.09194538), (948, 0.04396014)]"
252,2015-04-28T16:56:26+0000,"[(49, 0.97518563)]"
253,2020-01-22T14:26:48+0000,"[(28, 0.014696204), (492, 0.13352497), (663, 0.040486723), (957, 0.8051435)]"
254,2021-03-15T21:39:14+0000,"[(171, 0.0515975), (516, 0.015488731), (547, 0.015132793), (614, 0.027350497), (707, 0.02635406), (712, 0.015969062), (783, 0.028777923), (801, 0.10669532), (889, 0.013879098), (920, 0.6881612)]"
255,2013-07-15T11:54:10+0000,"[(89, 0.12676306), (244, 0.026039725), (252, 0.08182232), (330, 0.16995078), (374, 0.17312445), (553, 0.046290215), (673, 0.03524367), (765, 0.11888406), (821, 0.06260945), (839, 0.0757426), (867, 0.032784063), (944, 0.026034815)]"
256,2019-10-15T13:32:12+0000,"[(546, 0.99657845)]"
257,2017-11-07T18:52:08+0000,"[(171, 0.99160486)]"
258,2015-08-06T20:00:00+0000,"[(294, 0.99824715)]"
259,2013-10-25T22:51:10+0000,"[(801, 0.9878168)]"
260,2012-10-03T06:01:00+0000,"[(326, 0.9545321), (974, 0.03483623)]"
261,2019-09-24T22:23:26+0000,"[(783, 0.9963135)]"
262,2015-05-13T14:22:33+0000,"[(773, 0.9918961)]"
263,2012-10-03T18:53:00+0000,"[(669, 0.9956374)]"
264,2019-11-25T15:11:21+0000,"[(495, 0.99635386)]"
265,2016-03-10T01:36:05+0000,"[(400, 0.9918113)]"
266,2018-01-11T13:51:04+0000,"[(762, 0.98766255)]"
267,2010-09-07T21:44:38+0000,"[(203, 0.991212)]"
268,2010-10-08T14:47:13+0000,"[(53, 0.05029236), (145, 0.07697007), (369, 0.08503026), (414, 0.03950768), (517, 0.16009188), (550, 0.10786323), (584, 0.040593248), (591, 0.038503647), (623, 0.045462992), (681, 0.12528715), (813, 0.11543753), (928, 0.03849497), (938, 0.038498394)]"
269,2010-08-19T19:18:53+0000,"[(96, 0.16875042), (110, 0.059213202), (161, 0.106102176), (343, 0.05724197), (550, 0.050844677), (564, 0.22770773), (886, 0.102673225), (889, 0.17785944)]"
270,2007-11-06T14:57:02+0000,"[(86, 0.058879893), (146, 0.0615516), (162, 0.27064282), (205, 0.18114516), (427, 0.17282161), (584, 0.07189559), (967, 0.124645606)]"
271,2012-05-17T17:04:05+0000,"[(106, 0.07900535), (192, 0.17168689), (203, 0.06671942), (328, 0.13278715), (450, 0.13400976), (578, 0.09512498), (751, 0.066735335), (875, 0.066734366), (886, 0.12112359)]"
272,2015-01-26T22:47:26+0000,"[(318, 0.99557817)]"
273,2011-10-07T15:00:51+0000,"[(567, 0.9959716)]"
274,2015-09-28T00:19:46+0000,"[(62, 0.03802935), (81, 0.019474503), (97, 0.03320161), (146, 0.02266162), (183, 0.014633099), (206, 0.027525265), (327, 0.050653033), (403, 0.09064248), (546, 0.02542382), (599, 0.01624966), (725, 0.015891453), (789, 0.12563358), (797, 0.19161135), (803, 0.11085653), (841, 0.09348668), (857, 0.08870421), (867, 0.019714896)]"
275,2020-02-06T16:28:31+0000,"[(492, 0.9962419)]"
276,2014-01-26T18:36:10+0000,"[(165, 0.99716985)]"
277,2008-12-29T17:43:45+0000,"[(519, 0.9861286)]"
278,2010-02-23T21:03:25+0000,"[(553, 0.9961278)]"
279,2012-10-01T13:55:00+0000,"[(7, 0.022325821), (41, 0.028712163), (86, 0.15134262), (118, 0.020859169), (164, 0.030831851), (259, 0.025286544), (267, 0.12818682), (330, 0.03169334), (398, 0.047631063), (453, 0.019864697), (457, 0.018842425), (499, 0.017085081), (532, 0.017236756), (580, 0.0533103), (655, 0.095186874), (758, 0.20171307), (857, 0.01831846), (936, 0.05489281)]"
280,2014-01-20T14:00:00+0000,"[(11, 0.07015859), (23, 0.046679836), (61, 0.02245688), (82, 0.04299797), (110, 0.091139235), (171, 0.023501813), (193, 0.022623066), (289, 0.13104957), (318, 0.06265545), (400, 0.025866482), (427, 0.051200524), (430, 0.039245255), (447, 0.07720695), (470, 0.031515136), (499, 0.039092615), (599, 0.04577329), (606, 0.05280946), (780, 0.104542784)]"
281,2012-10-01T20:06:00+0000,
282,2020-03-31T09:50:29+0000,"[(827, 0.99646974)]"
283,2007-10-03T03:48:34+0000,"[(53, 0.9914609)]"
284,2019-05-31T11:55:17+0000,"[(260, 0.9675428), (370, 0.029605601)]"
285,2020-01-27T22:17:55+0000,"[(11, 0.016745811), (101, 0.14360322), (398, 0.019692408), (400, 0.03150434), (469, 0.01524336), (478, 0.60972494), (688, 0.048153408), (711, 0.023572758), (728, 0.018906647), (803, 0.03545126), (989, 0.01720197)]"
286,2010-05-19T02:19:35+0000,"[(206, 0.99301374)]"
287,2012-11-01T15:59:00+0000,"[(253, 0.99551994)]"
288,2020-11-18T20:48:46+0000,"[(228, 0.9925999)]"
289,2016-01-20T00:00:00+0000,"[(556, 0.993384)]"
290,2012-08-30T19:26:04+0000,"[(249, 0.1683829), (368, 0.084223084), (391, 0.12276832), (551, 0.37275568), (679, 0.12510481)]"
291,2020-05-04T17:58:29+0000,"[(47, 0.017532673), (81, 0.03651026), (153, 0.08073131), (170, 0.018585134), (368, 0.03715487), (462, 0.05877952), (470, 0.017327728), (489, 0.030678594), (505, 0.0260194), (599, 0.0923641), (620, 0.06013326), (655, 0.027555574), (663, 0.0690729), (674, 0.07349556), (712, 0.021089429), (741, 0.016964618), (827, 0.034749165), (892, 0.09800349), (920, 0.036620922), (971, 0.12960538)]"
292,2007-02-16T15:23:11+0000,"[(123, 0.10551849), (141, 0.040044438), (146, 0.04003811), (331, 0.110970154), (470, 0.04201365), (481, 0.09447465), (565, 0.05125478), (689, 0.1595698), (758, 0.048155084), (847, 0.09410197), (869, 0.060375325), (890, 0.113954216)]"
293,2019-02-08T08:57:19+0000,"[(232, 0.073319554), (641, 0.049638398), (789, 0.86723816)]"
294,2018-04-11T08:43:15+0000,"[(39, 0.043287184), (145, 0.13108653), (164, 0.04307245), (168, 0.02105072), (196, 0.021273352), (228, 0.20124148), (244, 0.024308085), (307, 0.039608262), (553, 0.021268144), (564, 0.08366992), (622, 0.074968085), (641, 0.03415766), (762, 0.092148595), (764, 0.052362874), (780, 0.065821595), (890, 0.031376507)]"
295,2012-10-26T10:24:05+0000,"[(200, 0.13227749), (220, 0.044006974), (328, 0.173047), (383, 0.29072627), (519, 0.07601467), (614, 0.1904082), (881, 0.043825984)]"
296,2009-04-20T13:19:42+0000,"[(232, 0.18636367), (328, 0.12384852), (383, 0.34544766), (418, 0.030130731), (712, 0.15392691), (793, 0.08381666)]"
297,2019-10-24T11:48:02+0000,"[(289, 0.99660796)]"
298,2017-07-10T12:01:16+0000,"[(673, 0.9884941)]"
299,2012-10-10T09:45:00+0000,"[(966, 0.99740964)]"
300,2010-07-08T21:47:16+0000,"[(53, 0.05561066), (322, 0.1478778), (370, 0.16548139), (483, 0.03771108), (519, 0.17524882), (563, 0.060784966), (564, 0.058094375), (597, 0.050227877), (648, 0.21356602)]"
301,2007-09-04T17:47:18+0000,"[(141, 0.038861025), (294, 0.9429406), (392, 0.013758837)]"
302,2011-06-19T12:04:23+0000,"[(402, 0.9929148)]"
303,2021-03-15T01:03:39+0000,"[(82, 0.014233654), (214, 0.012560636), (644, 0.96763563)]"
304,2019-09-19T14:35:24+0000,"[(81, 0.033510238), (153, 0.029888146), (193, 0.023747912), (269, 0.1781956), (317, 0.07379737), (318, 0.040977333), (385, 0.04670725), (392, 0.016471287), (400, 0.06599794), (407, 0.021538733), (414, 0.039416682), (427, 0.086757176), (495, 0.02682015), (637, 0.029969687), (673, 0.059267208), (688, 0.073476195), (707, 0.050784368), (731, 0.0343641), (751, 0.052980103)]"
305,2010-07-19T21:52:34+0000,"[(470, 0.12511536), (544, 0.14693885), (622, 0.25011954), (997, 0.35089678)]"
306,2019-07-10T07:51:02-0400,"[(7, 0.06157705), (61, 0.022955522), (208, 0.022733148), (349, 0.13353093), (371, 0.028048072), (402, 0.025736552), (453, 0.030810017), (505, 0.056134682), (519, 0.031188741), (531, 0.04102603), (544, 0.12801252), (550, 0.028132778), (721, 0.025442347), (728, 0.21516553), (838, 0.030822387), (863, 0.020062795), (909, 0.02051123), (927, 0.058850702)]"
307,2017-11-20T16:17:49+0000,"[(839, 0.99074984)]"
308,2017-12-07T22:02:15+0000,"[(24, 0.031885017), (191, 0.028373288), (385, 0.07177495), (398, 0.10993902), (410, 0.044585284), (427, 0.040827345), (470, 0.026225278), (487, 0.041651975), (517, 0.09630176), (563, 0.026029391), (571, 0.02952), (678, 0.13940406), (713, 0.033599094), (788, 0.23834781), (975, 0.021169726)]"
309,2012-06-22T15:47:01+0000,"[(38, 0.034692362), (61, 0.112346396), (96, 0.055401422), (146, 0.14982225), (230, 0.033349477), (232, 0.066690266), (349, 0.023531206), (393, 0.033351064), (410, 0.051149625), (427, 0.016678903), (453, 0.022891026), (474, 0.06804408), (540, 0.02959901), (576, 0.035664085), (806, 0.08465851), (847, 0.050002143), (889, 0.0538604), (974, 0.06189874)]"
310,2006-12-26T17:43:11+0000,"[(382, 0.99369943)]"
311,2011-02-17T22:45:28+0000,"[(869, 0.98704916)]"
312,2017-03-09T13:53:00+0000,"[(47, 0.022038773), (50, 0.12930658), (138, 0.074388586), (284, 0.02130304), (318, 0.11585282), (382, 0.02238019), (427, 0.047180012), (578, 0.1319314), (580, 0.022525042), (661, 0.0914591), (719, 0.022100475), (728, 0.024239613), (793, 0.08694781), (886, 0.025399137), (957, 0.031532865), (975, 0.10915569)]"
313,2010-11-08T18:36:52+0000,"[(123, 0.11942166), (253, 0.100429505), (328, 0.13320164), (477, 0.062548205), (492, 0.21839824), (523, 0.124972686), (654, 0.053690705), (728, 0.062536456), (756, 0.06256212)]"
314,2017-07-24T05:14:30+0000,"[(74, 0.9891411)]"
315,2015-12-27T21:25:25+0000,"[(6, 0.08913128), (28, 0.104101464), (84, 0.030884132), (89, 0.017078854), (218, 0.016667228), (235, 0.026953395), (253, 0.07029506), (256, 0.063346446), (269, 0.018136816), (285, 0.08466364), (322, 0.06430093), (327, 0.017510453), (330, 0.08958685), (393, 0.06165474), (426, 0.021646526), (570, 0.017670857), (663, 0.02914578), (857, 0.02353373), (863, 0.09438482), (928, 0.04445368)]"
316,2019-04-30T17:14:38+0000,"[(483, 0.99473304)]"
317,2011-07-06T15:46:48+0000,"[(892, 0.9948768)]"
318,2013-10-22T20:40:32+0000,"[(6, 0.04402525), (97, 0.19016539), (216, 0.023503855), (300, 0.028050069), (328, 0.023099054), (374, 0.05583209), (403, 0.027448762), (410, 0.0643952), (540, 0.02426222), (650, 0.054109603), (678, 0.16165337), (770, 0.025342003), (793, 0.08896582), (797, 0.089944504), (826, 0.05304992), (886, 0.02378304)]"
319,2014-08-18T13:35:18+0000,"[(55, 0.04387365), (214, 0.01668743), (280, 0.013689384), (285, 0.068471864), (330, 0.013752276), (343, 0.04687273), (470, 0.014703496), (480, 0.01846144), (505, 0.020711452), (540, 0.24689198), (576, 0.040668696), (577, 0.018129317), (606, 0.018524233), (681, 0.036081657), (728, 0.036883064), (765, 0.01456159), (782, 0.014702854), (821, 0.0801242), (839, 0.081949845), (847, 0.014574379), (881, 0.024016092), (883, 0.047177605), (889, 0.020715537), (957, 0.035414375)]"
320,2008-05-27T23:10:21+0000,"[(53, 0.114093356), (82, 0.051112898), (86, 0.24669586), (272, 0.03202105), (392, 0.057931922), (400, 0.052101046), (462, 0.06024477), (580, 0.053008858), (661, 0.18433253), (869, 0.107203856)]"
321,2017-04-06T22:33:07+0000,"[(751, 0.98781663)]"
322,2020-06-26T17:59:23+0000,"[(138, 0.99669194)]"
323,2013-10-04T22:11:11+0000,"[(862, 0.9883476)]"
324,2015-03-20T16:55:45+0000,"[(7, 0.08077919), (89, 0.033963367), (198, 0.062371954), (392, 0.09019372), (597, 0.06267881), (649, 0.06956486), (889, 0.07136153), (967, 0.49047965)]"
325,2006-12-04T19:51:48+0000,"[(187, 0.9900098)]"
326,2009-09-15T09:05:26+0000,"[(841, 0.9791995)]"
327,2013-09-25T06:05:37+0000,"[(15, 0.05589555), (23, 0.014733168), (59, 0.010028582), (271, 0.0150956465), (392, 0.012780827), (400, 0.03447107), (484, 0.811444), (974, 0.03440329)]"
328,2007-10-29T20:28:20+0000,"[(86, 0.16676028), (267, 0.06897677), (427, 0.08341085), (750, 0.3686548), (786, 0.083407015), (881, 0.14490177)]"
329,2020-08-03T06:12:49+0000,"[(45, 0.023142388), (89, 0.018653562), (106, 0.18296957), (168, 0.020577502), (170, 0.01831371), (214, 0.1937945), (277, 0.06884874), (369, 0.022954287), (414, 0.07735597), (531, 0.09601574), (688, 0.19290982), (713, 0.021265002), (860, 0.021435723), (975, 0.02504857)]"
330,2019-11-08T17:58:48+0000,"[(318, 0.95604616), (598, 0.040670097)]"
331,2019-08-22T12:51:36+0000,"[(758, 0.9977592)]"
332,2020-04-08T16:59:29+0000,"[(106, 0.9950297)]"
333,2010-08-04T17:41:20+0000,"[(322, 0.99187785)]"
334,2019-09-05T05:34:44+0000,"[(410, 0.99681836)]"
335,2018-03-23T01:29:13+0000,"[(24, 0.015024022), (75, 0.013709589), (165, 0.016532429), (305, 0.016616499), (317, 0.016406234), (330, 0.024411647), (366, 0.16299039), (383, 0.07130789), (400, 0.039857216), (418, 0.013430155), (426, 0.14419183), (469, 0.05233127), (470, 0.026450573), (481, 0.060516186), (522, 0.013709626), (583, 0.046929773), (652, 0.016630288), (678, 0.070624486), (806, 0.01907111), (974, 0.14582957)]"
336,2010-02-03T17:47:30+0000,"[(151, 0.1469267), (193, 0.10693734), (347, 0.087346666), (687, 0.2500878), (751, 0.22871418), (928, 0.09714503)]"
337,2017-02-14T14:00:00+0000,"[(505, 0.99254453)]"
338,2016-09-25T08:07:18+0000,"[(850, 0.99398184)]"
339,2015-09-21T17:27:37+0000,"[(23, 0.031282187), (170, 0.05301492), (252, 0.20874283), (292, 0.018321054), (307, 0.049890377), (330, 0.101264186), (355, 0.06939395), (366, 0.12288025), (368, 0.044990566), (400, 0.028480764), (462, 0.02650992), (750, 0.09040414), (794, 0.04430243), (827, 0.08810904)]"
340,2016-03-08T15:08:24+0000,"[(11, 0.11667442), (37, 0.021560226), (82, 0.037799135), (130, 0.08048594), (156, 0.060648303), (170, 0.02537851), (193, 0.050782982), (195, 0.021295168), (199, 0.042856634), (206, 0.092386104), (208, 0.02529238), (225, 0.028166678), (244, 0.0861572), (271, 0.027669033), (331, 0.022644574), (393, 0.028688923), (474, 0.022075228), (563, 0.022279343), (655, 0.037600476), (681, 0.02231038), (786, 0.021298062), (852, 0.042585116), (886, 0.021291882), (938, 0.021299278)]"
341,2019-08-21T10:57:38+0000,"[(432, 0.9948499)]"
342,2011-08-28T02:22:08+0000,"[(45, 0.08115736), (165, 0.36780664), (517, 0.058884274), (605, 0.15252979), (606, 0.058879197), (673, 0.101970695), (702, 0.061531644), (875, 0.058880396)]"
343,2019-05-05T15:00:39+0000,"[(7, 0.03388013), (62, 0.019812915), (87, 0.02011698), (101, 0.023084985), (165, 0.036310937), (182, 0.019957103), (187, 0.01750863), (253, 0.020707898), (307, 0.017248018), (446, 0.051752765), (470, 0.022456516), (477, 0.06788694), (540, 0.13717104), (707, 0.02938885), (712, 0.074319854), (789, 0.074714065), (821, 0.11609904), (869, 0.018516479), (928, 0.037971493), (940, 0.06085556), (973, 0.083356135)]"
344,2008-06-26T12:05:08+0000,"[(96, 0.12123396), (193, 0.037437484), (225, 0.023241103), (277, 0.051569413), (379, 0.030543542), (481, 0.055681758), (519, 0.062400337), (531, 0.024878392), (550, 0.02391814), (567, 0.085511684), (605, 0.022246879), (619, 0.022247275), (719, 0.0271817), (773, 0.06373595), (803, 0.10764747), (839, 0.029538715), (863, 0.10189502), (878, 0.029404264), (944, 0.057817813)]"
345,2014-11-25T19:08:51+0000,"[(386, 0.9940064)]"
346,2015-07-29T07:59:52+0000,"[(82, 0.19675872), (156, 0.043715023), (193, 0.047977105), (218, 0.09777758), (335, 0.19012552), (349, 0.04523643), (461, 0.04122474), (470, 0.04254944), (803, 0.12581567), (997, 0.13072902)]"
347,2012-12-12T18:09:32+0000,"[(284, 0.016444305), (487, 0.9788256)]"
348,2020-01-15T15:33:43+0000,"[(483, 0.9964241)]"
349,2009-02-18T05:06:58+0000,"[(96, 0.027340582), (703, 0.96204084)]"
350,2021-08-29T10:32:53+0000,"[(212, 0.012789841), (216, 0.0119272685), (218, 0.040644985), (382, 0.044118218), (536, 0.011707615), (577, 0.015274682), (654, 0.022058532), (702, 0.78492355), (793, 0.019341182)]"
351,2020-12-28T20:11:50+0000,"[(563, 0.9903156)]"
352,2020-06-12T18:05:28+0000,"[(38, 0.9920078)]"
353,2020-12-30T14:34:13+0000,"[(231, 0.9925996)]"
354,2012-10-12T09:55:00+0000,"[(23, 0.08446215), (86, 0.04597846), (203, 0.031656317), (205, 0.057149027), (318, 0.07092121), (370, 0.1016225), (516, 0.0343479), (583, 0.06478115), (711, 0.12247487), (728, 0.090017684), (889, 0.1576899), (971, 0.038461257), (974, 0.07897838)]"
355,2014-06-03T16:15:52+0000,"[(474, 0.9937946)]"
356,2015-04-10T17:18:57+0000,"[(11, 0.083090745), (53, 0.072232276), (55, 0.01929219), (182, 0.08523329), (232, 0.02429226), (272, 0.09077709), (328, 0.026270797), (641, 0.018202212), (712, 0.05595412), (764, 0.022125727), (801, 0.08069231), (839, 0.02108356), (875, 0.042215858), (876, 0.326356), (940, 0.016524566)]"
357,2017-09-20T10:05:17+0000,"[(856, 0.98970044)]"
358,2008-06-09T16:46:43+0000,"[(164, 0.9916748)]"
359,2015-01-21T12:09:21+0000,"[(382, 0.1392387), (385, 0.13616174), (495, 0.0726261), (648, 0.07673615), (721, 0.1430431), (803, 0.043922532), (975, 0.039150342), (989, 0.31605047)]"
360,2012-08-20T16:06:23+0000,"[(89, 0.037315767), (130, 0.042531118), (244, 0.1118159), (253, 0.03349203), (256, 0.036250513), (371, 0.18075696), (402, 0.15814787), (429, 0.025666833), (480, 0.06168778), (517, 0.027850017), (546, 0.03708563), (548, 0.030657245), (652, 0.053397246), (707, 0.054334953), (762, 0.050669275), (765, 0.033103954)]"
361,2012-02-15T17:46:35+0000,"[(96, 0.050001148), (110, 0.054092612), (130, 0.022946233), (146, 0.019270737), (165, 0.019102776), (170, 0.018221512), (214, 0.08101444), (231, 0.01831181), (267, 0.042099413), (277, 0.103584506), (349, 0.088285156), (449, 0.020210236), (461, 0.025043475), (489, 0.07863326), (540, 0.047978085), (632, 0.07259554), (740, 0.024621546), (803, 0.019632922), (848, 0.039224323), (875, 0.036127664), (890, 0.048543364), (930, 0.017871888), (948, 0.035100657)]"
362,2015-10-20T03:43:50+0000,"[(852, 0.9912893)]"
363,2016-09-19T21:25:36+0000,"[(123, 0.013874065), (349, 0.97737074)]"
364,2013-07-17T20:28:49+0000,"[(348, 0.99526525)]"
365,2012-10-11T15:00:00+0000,"[(848, 0.98838353)]"
366,2012-10-13T15:31:00+0000,"[(6, 0.19083703), (47, 0.016842691), (51, 0.05334697), (110, 0.0228776), (123, 0.037810512), (191, 0.040611807), (247, 0.031080818), (253, 0.04175848), (305, 0.016778447), (374, 0.021878013), (382, 0.124241896), (449, 0.019959394), (464, 0.020726668), (474, 0.033103462), (639, 0.023725593), (648, 0.045150887), (669, 0.03828428), (739, 0.01768859), (750, 0.020383203), (806, 0.019333139), (863, 0.032390255), (865, 0.10011511), (874, 0.015803004)]"
367,2021-08-19T23:04:30+0000,"[(249, 0.99521995)]"
368,2018-11-05T17:18:36+0000,"[(126, 0.9948237)]"
369,2019-06-13T11:35:05+0000,"[(271, 0.9907421)]"
370,2017-03-13T09:36:18+0000,"[(355, 0.9939817)]"
371,2019-06-27T10:10:06+0000,
372,2012-10-25T22:00:00+0000,
373,2018-08-09T16:12:11+0000,"[(366, 0.9931574)]"
374,2016-12-07T14:17:33+0000,"[(305, 0.99301386)]"
375,2010-03-03T23:03:07+0000,"[(39, 0.04654793), (218, 0.05520824), (244, 0.15005907), (280, 0.100034654), (298, 0.05004972), (556, 0.05004036), (620, 0.22772288), (731, 0.10000675), (824, 0.100060284), (875, 0.07071654)]"
376,2007-05-09T00:39:49+0000,"[(328, 0.9919628)]"
377,2008-03-05T23:11:17+0000,"[(192, 0.9883835)]"
378,2013-12-06T21:19:27+0000,"[(253, 0.98909014)]"
379,2019-06-30T22:02:53+0000,"[(218, 0.9935545)]"
380,2016-09-28T13:23:00+0000,"[(191, 0.98902154)]"
381,2017-10-09T13:00:00+0000,"[(28, 0.021271285), (50, 0.017775107), (61, 0.028171735), (168, 0.02779869), (170, 0.0724024), (193, 0.14979956), (252, 0.081442736), (277, 0.06304779), (369, 0.057571728), (450, 0.02449045), (478, 0.019692894), (505, 0.019851152), (606, 0.032927815), (652, 0.07565427), (678, 0.019429432), (707, 0.031122277), (740, 0.021098511), (762, 0.037831858), (794, 0.033827435), (850, 0.033498395), (860, 0.04197847), (876, 0.025790574), (957, 0.04723579)]"
382,2007-03-08T17:48:36+0000,"[(146, 0.9898039)]"
383,2014-04-22T21:42:27+0000,"[(838, 0.9909998)]"
384,2008-10-22T20:53:13+0000,"[(146, 0.031745765), (182, 0.017767278), (206, 0.16276954), (235, 0.054296385), (272, 0.045578446), (294, 0.054191895), (318, 0.016835636), (368, 0.01329876), (370, 0.09284097), (379, 0.0131734945), (383, 0.013964532), (389, 0.01930825), (447, 0.014529685), (464, 0.08468055), (648, 0.13061702), (704, 0.018295925), (712, 0.023063157), (751, 0.023119144), (794, 0.01556073), (878, 0.05329844), (920, 0.01422862), (948, 0.065551564)]"
385,2012-05-25T09:28:57+0000,"[(15, 0.09831738), (62, 0.112473756), (82, 0.043545786), (123, 0.08079872), (170, 0.055602703), (235, 0.0794154), (307, 0.06253143), (393, 0.09988594), (707, 0.18226908), (852, 0.13015455)]"
386,2010-07-08T17:36:53+0000,"[(599, 0.9914726)]"
387,2015-08-10T16:22:16+0000,"[(59, 0.010299189), (82, 0.010370906), (203, 0.012751518), (232, 0.014849832), (252, 0.011554762), (330, 0.014392259), (349, 0.07149646), (461, 0.016753713), (516, 0.011582538), (519, 0.010892067), (558, 0.034298785), (567, 0.015722584), (584, 0.011513108), (648, 0.016622733), (688, 0.022504423), (711, 0.011247931), (771, 0.4527469), (952, 0.010414287)]"
388,2019-01-08T15:36:11+0000,"[(23, 0.030682258), (110, 0.017814592), (285, 0.014836945), (383, 0.011813638), (392, 0.01439337), (519, 0.023945289), (580, 0.8098468), (788, 0.02155655), (857, 0.032185357)]"
389,2019-08-01T15:40:24+0000,"[(704, 0.99291474)]"
390,2019-08-09T05:51:49+0000,"[(203, 0.30929422), (250, 0.071499944), (366, 0.20316143), (894, 0.07149986), (918, 0.19627112), (973, 0.07727006)]"
391,2013-08-12T15:06:00+0000,"[(47, 0.0955402), (161, 0.025776533), (187, 0.0885001), (192, 0.064016715), (322, 0.069406524), (450, 0.03364425), (475, 0.076961994), (531, 0.025787817), (576, 0.08734634), (583, 0.08917992), (648, 0.02931705), (712, 0.06552259), (751, 0.025648588), (762, 0.12777975), (782, 0.02608223), (790, 0.012938528), (886, 0.0313405)]"
392,2017-08-11T17:29:18+0000,"[(272, 0.9907498)]"
393,2008-06-02T17:09:39+0000,"[(745, 0.9953316)]"
394,2014-05-24T13:51:32+0000,"[(225, 0.055564683), (256, 0.29742596), (394, 0.096172914), (673, 0.055591274), (679, 0.05943954), (702, 0.055609033), (707, 0.055596646), (857, 0.10278968), (886, 0.055610463), (940, 0.11118561)]"
395,2010-03-05T08:30:05+0000,"[(661, 0.99717784)]"
396,2012-10-11T06:41:00+0000,"[(110, 0.020321095), (294, 0.022038523), (330, 0.017554402), (398, 0.013178677), (519, 0.01065398), (678, 0.85481375), (707, 0.018268099)]"
397,2015-10-22T10:53:20+0000,"[(7, 0.02631262), (45, 0.045413077), (64, 0.06518771), (146, 0.099648), (193, 0.045653272), (212, 0.17697933), (285, 0.03587767), (393, 0.02641817), (557, 0.027638763), (580, 0.047556628), (591, 0.025032206), (598, 0.14481457), (650, 0.02632864), (765, 0.05281789), (801, 0.06073634), (856, 0.03492589), (857, 0.03407562)]"
398,2010-03-19T17:05:37+0000,"[(28, 0.058063038), (154, 0.027554004), (195, 0.026015421), (214, 0.04228698), (232, 0.071011886), (235, 0.113794535), (277, 0.023155771), (285, 0.14806469), (330, 0.05660517), (392, 0.043356266), (410, 0.02358803), (414, 0.047261015), (550, 0.04303354), (558, 0.031426568), (707, 0.0540271), (771, 0.09155999), (789, 0.07629262)]"
399,2016-11-11T10:52:01+0000,"[(663, 0.03912016), (750, 0.9552405)]"
400,2014-04-23T08:50:41+0000,"[(15, 0.9953962)]"
401,2014-08-26T22:34:36+0000,"[(7, 0.09448189), (74, 0.024182495), (145, 0.035210155), (170, 0.020714508), (328, 0.058386017), (348, 0.06521045), (484, 0.042206656), (553, 0.025763167), (599, 0.03590651), (606, 0.024534037), (620, 0.01913525), (655, 0.031167632), (665, 0.04352522), (703, 0.07054027), (765, 0.06293028), (826, 0.019783972), (886, 0.046563845), (918, 0.20319054), (957, 0.033651795), (973, 0.02397329)]"
402,2014-12-03T03:49:43+0000,"[(789, 0.99338377)]"
403,2017-07-19T05:07:43+0000,"[(11, 0.025692474), (31, 0.022411957), (51, 0.017501928), (81, 0.03600114), (203, 0.01595119), (271, 0.027572421), (272, 0.044693924), (289, 0.0418541), (318, 0.020239398), (398, 0.052317377), (480, 0.017315635), (548, 0.063793495), (553, 0.028246038), (564, 0.11340743), (641, 0.06525638), (648, 0.035673153), (688, 0.01735961), (739, 0.037727788), (750, 0.093914144), (794, 0.12181535), (820, 0.085953005)]"
404,2012-07-26T17:14:23+0000,"[(24, 0.045840308), (191, 0.06671046), (192, 0.055914693), (216, 0.09096328), (371, 0.064335905), (392, 0.16047764), (480, 0.04549659), (502, 0.047795776), (584, 0.08021613), (706, 0.16647989), (739, 0.0853486), (751, 0.045501895)]"
405,2020-04-23T13:45:44+0000,"[(65, 0.024379792), (207, 0.050544124), (256, 0.038648438), (400, 0.11253543), (426, 0.026333984), (505, 0.18315706), (553, 0.0908522), (563, 0.13364995), (631, 0.028348112), (721, 0.052937444), (738, 0.025670238), (850, 0.027629545), (876, 0.052313015), (973, 0.12344967)]"
406,2014-03-10T22:01:33+0000,"[(920, 0.994447)]"
407,2018-04-24T18:00:00+0000,"[(347, 0.99237394)]"
408,2012-10-01T20:37:00+0000,
409,2015-12-29T12:57:26-0500,"[(110, 0.013758052), (170, 0.01265005), (191, 0.013537737), (371, 0.8403141), (402, 0.018525427), (519, 0.021213584), (663, 0.02818025)]"
410,2011-06-30T17:01:00+0000,"[(151, 0.058885332), (252, 0.064192355), (414, 0.1640246), (523, 0.15670346), (745, 0.22095044), (750, 0.27649713)]"
411,2014-07-03T18:43:22+0000,"[(168, 0.13317156), (856, 0.860997)]"
412,2013-11-22T15:59:24+0000,"[(45, 0.018918281), (123, 0.052730415), (170, 0.027713232), (193, 0.12531514), (216, 0.017953072), (252, 0.06782009), (267, 0.0350166), (294, 0.14190996), (322, 0.09110543), (398, 0.017688313), (427, 0.037906993), (453, 0.07467832), (480, 0.031475224), (516, 0.04638055), (564, 0.026839802), (577, 0.020610461), (620, 0.030661024), (623, 0.020017944), (674, 0.018911753), (793, 0.032559894), (876, 0.017970756), (881, 0.031215005)]"
413,2017-12-01T03:21:36+0000,"[(195, 0.9900192)]"
414,2008-01-03T20:09:35+0000,"[(15, 0.06668356), (61, 0.022085823), (64, 0.09280775), (119, 0.07048511), (151, 0.020855341), (154, 0.030014062), (253, 0.026652388), (267, 0.050723437), (327, 0.022672234), (481, 0.021614224), (510, 0.041692954), (516, 0.07585737), (578, 0.10702485), (597, 0.028844116), (606, 0.036922824), (765, 0.028401062), (786, 0.04168748), (852, 0.016876562), (932, 0.020856889), (974, 0.15682034)]"
415,2016-12-06T20:22:56+0000,"[(788, 0.98949915)]"
416,2012-10-01T08:45:00+0000,"[(936, 0.99441886)]"
417,2013-09-26T20:38:39+0000,"[(909, 0.99237394)]"
418,2015-06-12T16:25:15+0000,"[(343, 0.9938332)]"
419,2014-03-19T13:33:33+0000,"[(15, 0.057173084), (64, 0.02302534), (218, 0.027718918), (335, 0.03750532), (382, 0.036708683), (427, 0.091572605), (474, 0.019186748), (478, 0.035547487), (502, 0.016580014), (515, 0.019901376), (673, 0.08725483), (679, 0.03225199), (803, 0.12441077), (850, 0.021598797), (878, 0.021407863), (883, 0.026343869), (892, 0.03791173), (944, 0.06654426), (989, 0.2022597)]"
420,2014-09-13T07:37:39+0000,"[(863, 0.9951267)]"
421,2015-01-08T15:44:21+0000,"[(606, 0.9871919)]"
422,2011-08-19T16:24:06+0000,"[(6, 0.03982963), (15, 0.0610884), (137, 0.028261773), (143, 0.025669482), (182, 0.1105966), (203, 0.029219575), (216, 0.025660625), (235, 0.03187399), (335, 0.05952267), (383, 0.07427163), (392, 0.061493985), (398, 0.12550212), (478, 0.16838954), (750, 0.0580253), (857, 0.07533429)]"
423,2017-06-16T19:38:48+0000,"[(130, 0.14523858), (154, 0.100711755), (220, 0.109204195), (519, 0.091001846), (731, 0.19417278), (869, 0.0909945), (966, 0.17835024)]"
424,2016-03-04T12:09:11-0500,"[(59, 0.80382997), (87, 0.017687518), (110, 0.04463528), (322, 0.021595664), (349, 0.0158779), (461, 0.018243425), (550, 0.027440429), (614, 0.016219987), (688, 0.022489892)]"
425,2009-03-13T19:48:28+0000,"[(516, 0.9895748)]"
426,2017-11-06T11:45:48+0000,"[(383, 0.9893691)]"
427,2018-12-07T23:13:54+0000,"[(918, 0.99020314)]"
428,2014-06-13T17:18:45+0000,"[(39, 0.109414764), (126, 0.025685351), (206, 0.034447912), (208, 0.023183893), (249, 0.16453905), (294, 0.15401116), (317, 0.024597593), (368, 0.09674082), (371, 0.018187992), (400, 0.14696905), (713, 0.056446142), (826, 0.06887975), (857, 0.04092263), (971, 0.02168109)]"
429,2016-05-18T19:00:03+0000,"[(15, 0.10150552), (218, 0.06615218), (284, 0.017342467), (464, 0.06729659), (565, 0.015390566), (745, 0.16395696), (847, 0.026788637), (863, 0.032843463), (869, 0.037058294), (874, 0.03701693), (878, 0.035279974), (889, 0.03271536), (911, 0.17806734), (973, 0.030721368), (974, 0.14358675)]"
430,2007-07-19T00:41:29+0000,"[(6, 0.08919802), (24, 0.15138127), (55, 0.018443616), (82, 0.023995241), (123, 0.0556528), (143, 0.028047785), (156, 0.018181603), (191, 0.019252133), (218, 0.077550106), (414, 0.01856123), (477, 0.038512465), (480, 0.018826993), (536, 0.12587608), (673, 0.12277451), (681, 0.019081896), (707, 0.019997098), (739, 0.03598416), (803, 0.037596066), (844, 0.017873636), (881, 0.027237453), (940, 0.01848864)]"
431,2016-09-22T14:06:44+0000,"[(23, 0.08004237), (61, 0.047244955), (87, 0.040040743), (145, 0.04004448), (383, 0.06296666), (414, 0.14614955), (483, 0.09233315), (517, 0.06417504), (578, 0.25980535), (881, 0.12751845)]"
432,2018-02-01T16:48:41+0000,"[(393, 0.98937213)]"
433,2016-01-25T11:50:21+0000,"[(414, 0.99248827)]"
434,2020-04-27T20:37:31+0000,"[(780, 0.9886455)]"
435,2010-01-28T01:55:44+0000,"[(294, 0.0404938), (400, 0.08452387), (418, 0.09682171), (481, 0.09515217), (502, 0.09934094), (556, 0.07605478), (688, 0.105939135), (703, 0.12940504), (773, 0.0520147), (789, 0.037811983), (973, 0.15053333)]"
436,2013-10-22T18:20:00+0000,"[(584, 0.99243146)]"
437,2013-12-31T15:24:27+0000,"[(15, 0.21897197), (38, 0.014134223), (52, 0.016680466), (277, 0.04153934), (317, 0.15835854), (368, 0.07360345), (400, 0.05941791), (403, 0.035289552), (464, 0.07009788), (758, 0.0186586), (839, 0.05066317), (889, 0.09406393), (892, 0.08587001), (974, 0.045915436)]"
438,2007-11-14T12:23:16+0000,"[(889, 0.99649465)]"
439,2016-11-10T16:44:02+0000,"[(328, 0.9878165)]"
440,2012-01-23T19:28:30+0000,"[(146, 0.015561187), (156, 0.0148613835), (198, 0.046310294), (199, 0.017297436), (208, 0.037805133), (235, 0.13861421), (280, 0.17092355), (492, 0.053907696), (577, 0.025320621), (622, 0.016176775), (661, 0.13623261), (711, 0.05087298), (728, 0.071631216), (770, 0.024694461), (827, 0.06031608), (852, 0.039738216), (974, 0.0654855)]"
441,2014-11-13T13:05:19+0000,"[(598, 0.9966918)]"
442,2008-08-06T21:11:08+0000,"[(343, 0.3336591), (499, 0.32703412)]"
443,2012-03-16T13:16:28+0000,"[(153, 0.041832767), (218, 0.17823519), (285, 0.024988825), (326, 0.05100542), (370, 0.06584068), (382, 0.21195929), (400, 0.14402856), (797, 0.08252525), (801, 0.027176518), (889, 0.07048171), (974, 0.07780051)]"
444,2009-05-29T22:04:14+0000,"[(218, 0.12226077), (253, 0.054260258), (266, 0.023831699), (326, 0.17963076), (398, 0.05709932), (400, 0.072668694), (457, 0.015537956), (469, 0.04948253), (577, 0.035903063), (641, 0.08036512), (702, 0.17840618), (844, 0.023831144), (909, 0.029731175), (957, 0.05350649)]"
445,2020-08-18T14:00:19+0000,"[(23, 0.012069119), (53, 0.021597417), (228, 0.020530585), (330, 0.014662908), (394, 0.85822546), (563, 0.014367939), (681, 0.018267307), (788, 0.022563286)]"
446,2011-09-19T18:16:00+0000,"[(146, 0.021713115), (182, 0.0795722), (231, 0.023444204), (249, 0.12301865), (326, 0.06757806), (328, 0.09219749), (400, 0.07248976), (427, 0.041012123), (648, 0.053425517), (789, 0.18141554), (827, 0.14002259), (883, 0.061624642), (888, 0.020863457)]"
447,2008-10-17T23:31:09+0000,"[(119, 0.99361205)]"
448,2012-12-07T17:17:03+0000,"[(285, 0.99717295)]"
449,2014-11-12T17:49:15+0000,"[(349, 0.6496765), (867, 0.34624818)]"
450,2012-10-02T12:05:00+0000,"[(451, 0.9890218)]"
451,2012-11-03T01:13:00+0000,"[(317, 0.9900497)]"
452,2021-03-22T19:36:35+0000,
453,2019-09-19T19:21:13+0000,"[(857, 0.9938332)]"
454,2015-08-21T01:45:47+0000,"[(770, 0.994948)]"
455,2015-09-17T18:38:35+0000,"[(161, 0.041891348), (294, 0.26444095), (335, 0.09701562), (382, 0.032102816), (392, 0.056253478), (393, 0.016251193), (407, 0.04182776), (597, 0.045345377), (751, 0.017486347), (856, 0.021403493), (874, 0.022326883), (889, 0.04151161), (911, 0.21434462), (918, 0.02252112), (974, 0.04963992)]"
456,2019-06-04T01:22:15+0000,"[(330, 0.99603504)]"
457,2013-11-07T05:25:11+0000,"[(55, 0.98999244)]"
458,2015-02-12T22:09:35+0000,"[(300, 0.6536639), (563, 0.20376003)]"
459,2015-09-16T13:57:24+0000,"[(637, 0.9958364)]"
460,2011-07-20T09:03:50+0000,"[(15, 0.27930325), (62, 0.08489131), (82, 0.039968275), (191, 0.046025015), (327, 0.071358085), (398, 0.10405691), (480, 0.04615327), (484, 0.08002676), (519, 0.11566005), (570, 0.043516856), (975, 0.04603292)]"
461,2014-12-03T21:52:13+0000,"[(583, 0.99259984)]"
462,2011-04-14T15:32:26+0000,"[(113, 0.12208611), (187, 0.07132312), (212, 0.023487285), (216, 0.033353522), (289, 0.03545007), (318, 0.087061554), (370, 0.14516701), (383, 0.10828609), (474, 0.040697698), (489, 0.053276293), (546, 0.02192518), (679, 0.04595227), (771, 0.123908944), (826, 0.055098247), (874, 0.016776549)]"
463,2020-05-26T15:21:01+0000,"[(20, 0.99254465)]"
464,2015-01-08T16:06:28+0000,"[(82, 0.99432373)]"
465,2013-04-18T07:45:26+0000,"[(886, 0.99419165)]"
466,2020-10-16T12:11:03+0000,"[(577, 0.99537486)]"
467,2009-11-27T20:53:23+0000,"[(82, 0.09047582), (161, 0.02984549), (228, 0.05583905), (256, 0.056603182), (368, 0.026849365), (375, 0.071090534), (591, 0.02567057), (620, 0.033422563), (639, 0.05784679), (661, 0.027744293), (764, 0.031010097), (848, 0.09846374), (889, 0.078258194), (918, 0.18200181), (944, 0.109560676)]"
468,2015-09-16T12:23:44+0000,"[(153, 0.05044831), (271, 0.03450159), (330, 0.20854406), (398, 0.053148657), (414, 0.055120602), (470, 0.027530834), (474, 0.02997719), (540, 0.16507378), (578, 0.060804147), (649, 0.029027648), (681, 0.07321125), (857, 0.026682088), (860, 0.106601015), (874, 0.025482498), (878, 0.028804677)]"
469,2016-07-15T02:56:14+0000,"[(218, 0.98824656)]"
470,2015-01-08T22:47:27+0000,"[(349, 0.9944805)]"
471,2020-10-02T11:36:01+0000,"[(280, 0.99553794)]"
472,2021-04-05T14:11:33+0000,"[(37, 0.04008987), (84, 0.032334093), (162, 0.14517467), (191, 0.034595426), (271, 0.031420425), (515, 0.13953236), (641, 0.035034608), (712, 0.18609817), (731, 0.07736182), (821, 0.15730344), (951, 0.030332789), (952, 0.060777448)]"
473,2012-10-08T13:03:00+0000,
474,2010-11-12T00:54:35+0000,"[(28, 0.09892368), (39, 0.050605066), (55, 0.1392129), (61, 0.15204445), (208, 0.01643788), (216, 0.027885381), (300, 0.01642181), (349, 0.06371457), (385, 0.01716529), (462, 0.15594882), (546, 0.021265704), (550, 0.06330648), (632, 0.015168655), (641, 0.03169037), (648, 0.016583186), (794, 0.051099557), (797, 0.015608537), (888, 0.030324716)]"
475,2019-04-30T11:20:40+0000,"[(39, 0.07002733), (61, 0.018272178), (96, 0.020484833), (162, 0.27529022), (209, 0.024236498), (216, 0.034646504), (370, 0.15527275), (427, 0.02721476), (470, 0.017239364), (483, 0.02282339), (649, 0.09298053), (652, 0.01716494), (820, 0.10184087), (839, 0.034589775), (886, 0.052224673), (917, 0.01901003)]"
476,2020-06-01T20:01:48+0000,"[(110, 0.017024234), (182, 0.011140564), (225, 0.015580047), (232, 0.015872678), (331, 0.018872207), (371, 0.010456414), (383, 0.016935386), (394, 0.019725097), (443, 0.62373924), (469, 0.015731473), (565, 0.012860026), (639, 0.015431909), (650, 0.013191448), (711, 0.018150656), (788, 0.010217459), (857, 0.011175643), (865, 0.025905715)]"
477,2007-04-16T18:58:07+0000,"[(349, 0.62065405), (447, 0.09582477), (948, 0.27251583)]"
478,2019-03-25T22:13:40+0000,"[(464, 0.9873746)]"
479,2013-05-13T06:09:57+0000,"[(335, 0.99347043)]"
480,2012-04-18T21:50:43+0000,"[(41, 0.055414993), (59, 0.029158985), (113, 0.02438661), (119, 0.03269563), (144, 0.077639095), (165, 0.051069133), (191, 0.04928474), (193, 0.16186307), (410, 0.07114903), (492, 0.06569065), (565, 0.02840757), (619, 0.024420375), (663, 0.06269009), (762, 0.093382694), (797, 0.02596112), (850, 0.033183735), (890, 0.06523384), (973, 0.02440945)]"
481,2015-01-20T23:02:44+0000,"[(803, 0.9944805)]"
482,2017-03-12T11:41:08+0000,
483,2014-02-25T21:27:33+0000,"[(51, 0.9908347)]"
484,2013-11-29T17:52:00+0000,"[(15, 0.05367003), (59, 0.6976875), (64, 0.05626187), (200, 0.05997881), (400, 0.12053427)]"
485,2011-01-27T21:57:03+0000,"[(648, 0.9954173)]"
486,2017-03-14T15:35:50+0000,
487,2010-07-15T21:28:41+0000,"[(162, 0.3839676), (170, 0.045972608), (400, 0.058308426), (577, 0.04548038), (606, 0.09438339), (663, 0.045492668), (770, 0.048354942), (789, 0.15952004), (801, 0.073467955)]"
488,2011-10-21T18:31:23+0000,"[(84, 0.02858299), (284, 0.062337354), (318, 0.062045768), (328, 0.04637426), (366, 0.029814394), (469, 0.12300548), (483, 0.059679113), (495, 0.06924392), (502, 0.09582305), (583, 0.060369883), (771, 0.18979415), (793, 0.114417315), (878, 0.030305699)]"
489,2007-12-17T18:20:49+0000,"[(61, 0.16760942), (153, 0.04231177), (183, 0.016687818), (196, 0.06297839), (253, 0.018679893), (294, 0.09420552), (300, 0.031427294), (349, 0.08143841), (370, 0.018260198), (427, 0.049119085), (447, 0.020026142), (499, 0.077515736), (515, 0.01979943), (536, 0.037551165), (565, 0.022160318), (567, 0.043484274), (673, 0.016677093), (780, 0.02121894), (806, 0.030090963), (886, 0.06502195), (934, 0.020687772), (974, 0.028581508)]"
490,2013-10-24T22:47:47+0000,"[(130, 0.092403546), (161, 0.090173595), (183, 0.03375207), (203, 0.07634311), (232, 0.05430047), (269, 0.1017585), (326, 0.032131165), (347, 0.10257376), (427, 0.03718035), (598, 0.103878066), (783, 0.11752901), (789, 0.032191988), (801, 0.09757922)]"
491,2012-10-24T19:57:00+0000,"[(24, 0.8130404), (28, 0.013214992), (51, 0.011009845), (191, 0.0120424135), (305, 0.0111101195), (499, 0.015397335), (669, 0.017401628), (673, 0.01608786), (875, 0.011436285)]"
492,2012-10-02T04:28:00+0000,"[(7, 0.9954795)]"
493,2018-03-20T11:44:39+0000,"[(587, 0.9907351)]"
494,2018-11-07T18:07:18+0000,"[(24, 0.02100838), (28, 0.11182654), (151, 0.014653812), (156, 0.055045895), (191, 0.05040257), (193, 0.087835446), (207, 0.015402378), (343, 0.016641496), (382, 0.05559329), (383, 0.018613052), (402, 0.06046735), (470, 0.030784095), (480, 0.053077), (519, 0.023204442), (523, 0.015627276), (577, 0.048837412), (623, 0.030834304), (663, 0.11580165), (681, 0.017191363), (688, 0.031055368), (789, 0.02505813), (827, 0.019946918), (847, 0.015910683), (857, 0.05016016)]"
495,2014-07-31T11:30:42+0000,"[(15, 0.045387913), (57, 0.030118065), (153, 0.017499087), (292, 0.095037654), (294, 0.12056825), (366, 0.02457779), (470, 0.015951155), (531, 0.03886459), (623, 0.032169648), (637, 0.20055854), (712, 0.017802509), (838, 0.016066449), (889, 0.08658319), (892, 0.24316162)]"
496,2012-11-02T15:33:00+0000,"[(15, 0.027453197), (183, 0.051182736), (200, 0.6256589), (203, 0.03188587), (218, 0.020800691), (327, 0.020669568), (377, 0.11328989), (531, 0.01529679), (770, 0.017593296), (789, 0.011822487), (827, 0.0110578), (952, 0.018662112)]"
497,2012-10-01T12:00:00+0000,"[(550, 0.99657863)]"
498,2011-01-12T18:01:38+0000,"[(61, 0.06961547), (192, 0.065976426), (193, 0.07375272), (198, 0.05532864), (267, 0.042934965), (277, 0.11932307), (393, 0.08202841), (410, 0.045467936), (457, 0.045105916), (461, 0.024752641), (532, 0.024247743), (548, 0.024991589), (631, 0.03438235), (632, 0.02275347), (669, 0.031752974), (783, 0.12362869), (892, 0.044609055), (984, 0.04546567)]"
499,2008-06-30T12:33:47+0000,"[(874, 0.012356103), (876, 0.9609815)]"
500,2012-10-01T12:30:00+0000,
501,2013-11-20T17:45:52-0500,"[(878, 0.9867079), (989, 0.01071496)]"
502,2017-03-15T07:30:00+0000,"[(516, 0.99419165)]"
503,2018-03-02T15:08:06+0000,"[(23, 0.037058756), (110, 0.111298315), (151, 0.0366179), (154, 0.18963155), (398, 0.056905445), (444, 0.037078634), (480, 0.042414006), (523, 0.21996304), (546, 0.037036866), (665, 0.06044529), (704, 0.080877416), (892, 0.04504337)]"
504,2013-10-18T11:16:50+0000,"[(55, 0.11077828), (86, 0.11653015), (259, 0.09378461), (260, 0.16441146), (292, 0.019538151), (389, 0.038379077), (783, 0.2787003), (801, 0.038783003), (847, 0.077637985), (974, 0.04495224)]"
505,2014-12-01T17:19:38+0000,"[(41, 0.07280378), (81, 0.09398271), (232, 0.03773103), (447, 0.14050378), (570, 0.26276603), (606, 0.034475), (762, 0.082763635), (780, 0.094063185), (801, 0.14893812)]"
506,2009-10-30T17:26:09+0000,"[(826, 0.994087)]"
507,2017-02-10T13:25:43+0000,"[(6, 0.017766288), (41, 0.075132616), (73, 0.038415), (130, 0.04508883), (153, 0.07916033), (206, 0.062334325), (249, 0.13358282), (259, 0.025357867), (368, 0.04982124), (383, 0.07897963), (453, 0.036322664), (519, 0.073983885), (649, 0.029573001), (652, 0.020729467), (687, 0.061006203), (852, 0.02231166), (863, 0.01767958), (952, 0.050952017), (997, 0.05916873)]"
508,2020-06-23T12:13:25+0000,"[(557, 0.9881006)]"
509,2021-08-01T16:02:49+0000,"[(252, 0.9938332)]"
510,2010-08-24T15:11:41+0000,"[(53, 0.061816134), (153, 0.1436596), (235, 0.13477555), (331, 0.060154743), (368, 0.058878627), (801, 0.05771985), (827, 0.12661253), (997, 0.29402575)]"
511,2019-12-19T23:16:19+0000,"[(370, 0.04229751), (606, 0.025512362), (703, 0.8650208), (751, 0.06408548)]"
512,2012-10-09T13:32:00+0000,"[(146, 0.020714592), (203, 0.021534687), (327, 0.06250439), (392, 0.015225177), (400, 0.05669742), (869, 0.7360752), (952, 0.011384798), (960, 0.023480143), (974, 0.037255373)]"
513,2012-10-19T13:55:41+0000,"[(37, 0.02618762), (168, 0.040398113), (192, 0.05195706), (205, 0.051298168), (232, 0.057983354), (262, 0.084023684), (369, 0.0317804), (382, 0.049022038), (648, 0.14873484), (650, 0.112971805), (688, 0.097407624), (751, 0.09948342), (786, 0.056037642), (881, 0.067427)]"
514,2019-09-09T12:00:15+0000,"[(782, 0.9922557)]"
515,2007-07-27T14:09:37+0000,"[(96, 0.9949798)]"
516,2019-11-06T20:51:53+0000,"[(57, 0.8244038), (181, 0.16845573)]"
517,2009-03-14T01:41:48+0000,"[(96, 0.3804795), (250, 0.05888214), (366, 0.20272423), (391, 0.058884762), (679, 0.09559759), (967, 0.14495778)]"
518,2008-10-16T20:46:41+0000,"[(168, 0.81584483), (218, 0.02787969), (370, 0.0698884), (565, 0.010337057), (606, 0.011766992), (801, 0.024321983), (974, 0.013829127)]"
519,2019-10-09T08:04:31+0000,"[(368, 0.9925999)]"
520,2016-11-08T11:44:01+0000,"[(156, 0.99462885)]"
521,2019-03-21T14:06:00+0000,"[(881, 0.99334246)]"
522,2012-04-17T21:30:42+0000,"[(162, 0.4083397), (260, 0.16245538), (583, 0.17063232), (599, 0.06828993), (940, 0.1274566)]"
523,2019-06-13T05:59:13+0000,"[(53, 0.026612688), (64, 0.070415944), (153, 0.05603987), (205, 0.04543774), (300, 0.030303305), (317, 0.048669633), (326, 0.02728732), (368, 0.03026243), (370, 0.05251283), (400, 0.036640152), (481, 0.08027255), (599, 0.04534647), (679, 0.0299061), (707, 0.026342686), (718, 0.046244532), (739, 0.060697682), (875, 0.05906093), (886, 0.03252636), (892, 0.084097035), (938, 0.02634159), (950, 0.026667176), (974, 0.032572035)]"
524,2013-02-25T18:44:43+0000,"[(130, 0.10582631), (156, 0.031096343), (171, 0.050939158), (232, 0.10953465), (414, 0.107835665), (461, 0.066188596), (474, 0.05566798), (606, 0.07805784), (707, 0.14992556), (711, 0.04469259), (731, 0.030613128), (940, 0.12664932), (952, 0.017662885)]"
525,2019-05-14T14:33:00+0000,"[(765, 0.9955161)]"
526,2015-05-11T10:17:42+0000,"[(50, 0.9915337)]"
527,2021-06-23T16:02:14+0000,"[(867, 0.99123627)]"
528,2013-08-21T17:42:34+0000,"[(7, 0.020271193), (123, 0.030123325), (218, 0.17785028), (232, 0.021465834), (256, 0.019608524), (300, 0.06662664), (375, 0.077305324), (398, 0.08024513), (451, 0.023576405), (484, 0.018920189), (580, 0.013383369), (599, 0.046447717), (652, 0.023097849), (673, 0.021189261), (782, 0.07577582), (793, 0.04771929), (806, 0.019853929), (856, 0.04663921), (952, 0.15128885)]"
529,2016-02-29T15:00:01+0000,"[(53, 0.018087404), (153, 0.014768573), (168, 0.019851422), (170, 0.033765905), (235, 0.31323358), (348, 0.018766712), (366, 0.038907938), (457, 0.017561894), (563, 0.031384557), (583, 0.097314216), (598, 0.051277168), (745, 0.043593958), (821, 0.08993899), (839, 0.021611122), (856, 0.02231958), (889, 0.10190452), (909, 0.027634632), (974, 0.020846216)]"
530,2011-07-01T08:15:16+0000,"[(392, 0.9901087)]"
531,2019-12-05T02:05:44+0000,"[(16, 0.061406095), (28, 0.035060354), (110, 0.16185388), (156, 0.07028729), (253, 0.023635056), (567, 0.16966163), (577, 0.021285802), (665, 0.027245812), (750, 0.1984905), (850, 0.068795174), (883, 0.08893206), (920, 0.053582806)]"
532,2010-04-07T18:18:38+0000,"[(24, 0.10563924), (62, 0.05655912), (146, 0.10532021), (151, 0.35707438), (216, 0.058497682), (402, 0.09723814), (499, 0.056848742), (841, 0.05561648), (875, 0.055039957)]"
533,2012-12-10T16:03:48+0000,"[(61, 0.011771692), (865, 0.9860432)]"
534,2016-01-04T23:17:56+0000,"[(53, 0.2491959), (190, 0.06673547), (483, 0.10895691), (502, 0.3087235), (565, 0.0667229), (824, 0.055401832), (944, 0.07805964)]"
535,2016-09-13T16:26:54+0000,"[(232, 0.013943945), (252, 0.010041948), (256, 0.01152547), (330, 0.021735225), (349, 0.06468093), (371, 0.011988105), (519, 0.01641814), (567, 0.011832129), (650, 0.0119193345), (688, 0.5070578), (711, 0.011568453), (740, 0.010190965), (857, 0.012918962), (952, 0.010374314)]"
536,2019-09-08T15:38:21+0000,"[(28, 0.025968675), (62, 0.033943646), (65, 0.024413025), (89, 0.11469481), (161, 0.028999045), (164, 0.058408346), (191, 0.05098609), (300, 0.025645223), (519, 0.058234032), (557, 0.02475986), (821, 0.031044593), (826, 0.024401907), (863, 0.29483038), (875, 0.07363536), (966, 0.08161235), (994, 0.024417887)]"
537,2018-01-09T08:00:00+0000,"[(719, 0.9942252)]"
538,2021-07-22T17:55:50+0000,"[(654, 0.99249035)]"
539,2007-10-29T12:54:58+0000,"[(39, 0.031861894), (55, 0.012628159), (205, 0.7012548), (400, 0.025710482), (481, 0.015966265), (540, 0.021200174), (584, 0.028512372), (673, 0.040046405), (801, 0.015916055), (889, 0.018356422), (952, 0.01638311), (974, 0.012619556), (985, 0.025527533)]"
540,2013-05-06T14:07:28+0000,"[(59, 0.14747944), (96, 0.2579168), (130, 0.08349984), (153, 0.06916897), (232, 0.07536266), (277, 0.051573183), (461, 0.027638754), (556, 0.08465448), (606, 0.075444095), (712, 0.03785606), (952, 0.06515384)]"
541,2013-06-21T06:49:10+0000,"[(62, 0.064470686), (214, 0.18042623), (327, 0.52324796), (495, 0.061464798), (515, 0.115106076)]"
542,2018-10-03T14:54:53+0000,"[(427, 0.98914105)]"
543,2011-09-28T22:34:50+0000,"[(47, 0.054502804), (96, 0.15710548), (190, 0.021763505), (203, 0.06565784), (208, 0.041820094), (322, 0.14105563), (335, 0.027349818), (474, 0.021828433), (483, 0.023847423), (502, 0.067755215), (583, 0.06489608), (711, 0.03889103), (793, 0.13046852), (944, 0.12161953)]"
544,2014-12-18T20:00:00+0000,"[(64, 0.0273719), (110, 0.06524794), (130, 0.032655053), (168, 0.054249853), (214, 0.1071061), (256, 0.04002986), (301, 0.017327122), (305, 0.018435484), (335, 0.06261256), (355, 0.124738425), (385, 0.04918461), (461, 0.037309464), (462, 0.027082255), (481, 0.02323506), (678, 0.040870387), (762, 0.032455835), (764, 0.016695125), (793, 0.021036126), (835, 0.017874653), (917, 0.068144545), (928, 0.052194647), (957, 0.046673145)]"
545,2008-07-18T17:59:33+0000,"[(649, 0.9898331)]"
546,2017-04-12T18:01:42+0000,"[(84, 0.9929646)]"
547,2017-09-19T15:39:06+0000,"[(256, 0.994551)]"
548,2016-06-06T16:44:27+0000,"[(952, 0.99248856)]"
549,2016-12-12T17:03:20+0000,"[(331, 0.9168301), (383, 0.046398833), (762, 0.032111853)]"
550,2014-07-11T11:35:53+0000,"[(300, 0.98702574)]"
551,2011-03-30T22:28:14+0000,"[(81, 0.019648533), (97, 0.095174916), (110, 0.019668655), (153, 0.032926872), (289, 0.07172814), (307, 0.030336216), (348, 0.020311706), (393, 0.06912629), (398, 0.027754702), (577, 0.060878422), (649, 0.0548121), (660, 0.012338075), (731, 0.09358781), (826, 0.055543732), (841, 0.1230199), (936, 0.033945374), (952, 0.16194929)]"
552,2006-12-27T19:04:26+0000,"[(262, 0.9942015)]"
553,2007-07-26T21:45:46+0000,"[(531, 0.99530977)]"
554,2020-04-06T15:05:17+0000,"[(827, 0.99282897)]"
555,2014-02-07T04:14:11+0000,"[(20, 0.013882603), (53, 0.062928416), (55, 0.14455497), (137, 0.07397898), (153, 0.07738412), (168, 0.03756315), (231, 0.022650052), (335, 0.025200058), (461, 0.027653871), (474, 0.023612935), (531, 0.06459873), (550, 0.024581464), (762, 0.023128076), (782, 0.051033884), (794, 0.09040303), (801, 0.10108011), (889, 0.113916725)]"
556,2014-02-04T13:47:06+0000,"[(82, 0.06124186), (206, 0.060167868), (249, 0.09338113), (426, 0.16654372), (654, 0.1588204), (719, 0.239339), (780, 0.11571214), (788, 0.056273766)]"
557,2017-03-09T16:52:28+0000,"[(15, 0.06634211), (146, 0.2290136), (212, 0.1985155), (450, 0.059524737), (803, 0.25766438), (909, 0.1304323)]"
558,2019-11-05T16:12:55+0000,"[(786, 0.98980594)]"
559,2014-05-13T18:17:33+0000,"[(11, 0.062137157), (41, 0.037790358), (170, 0.032278463), (232, 0.035019815), (328, 0.033323605), (331, 0.14895739), (457, 0.064567484), (470, 0.032281592), (505, 0.062237278), (531, 0.066835456), (564, 0.15339303), (620, 0.05336776), (681, 0.044941824), (748, 0.0645687), (750, 0.039601192), (920, 0.0369461)]"
560,2016-10-04T10:38:19+0000,"[(89, 0.040500928), (165, 0.018288188), (253, 0.052273422), (385, 0.04593128), (393, 0.015738184), (398, 0.058931798), (427, 0.052346215), (446, 0.014574383), (474, 0.0501036), (492, 0.081257276), (558, 0.02845442), (577, 0.020384554), (678, 0.110627174), (782, 0.042734463), (797, 0.01820629), (806, 0.022174237), (838, 0.028914103), (848, 0.015327881), (881, 0.047389854), (889, 0.13760318), (952, 0.083837524)]"
561,2008-01-11T20:32:18+0000,"[(285, 0.16678096), (469, 0.3003877), (567, 0.19997329), (860, 0.16684286)]"
562,2020-01-22T14:44:20+0000,"[(721, 0.99265426)]"
563,2016-03-16T11:16:26+0000,"[(182, 0.9932952)]"
564,2015-09-08T17:05:32+0000,"[(123, 0.051923845), (130, 0.17545074), (165, 0.041767497), (170, 0.037059925), (231, 0.13555706), (519, 0.03707466), (713, 0.21878862), (765, 0.060723368), (875, 0.09935346), (876, 0.03886112), (889, 0.03747837), (940, 0.0272057)]"
565,2011-06-27T19:57:23+0000,"[(971, 0.9932498)]"
566,2017-02-03T14:17:29+0000,"[(285, 0.014811604), (331, 0.013951787), (400, 0.015483467), (615, 0.010001025), (803, 0.015876174), (911, 0.9033492)]"
567,2011-05-03T22:16:39+0000,"[(47, 0.99448943)]"
568,2016-10-18T20:55:26+0000,"[(31, 0.06736952), (89, 0.020018945), (156, 0.17444958), (170, 0.06469347), (256, 0.04272581), (330, 0.21264501), (347, 0.030783944), (349, 0.041142464), (398, 0.035103496), (480, 0.020358715), (550, 0.06383535), (606, 0.020010607), (632, 0.020021899), (655, 0.025324397), (794, 0.074064836), (869, 0.02229882), (881, 0.045488846)]"
569,2017-05-18T18:17:43+0000,"[(383, 0.0686425), (614, 0.9237758)]"
570,2013-01-24T06:43:16+0000,"[(212, 0.99611264)]"
571,2012-10-02T18:17:00+0000,"[(400, 0.011515016), (447, 0.9696807), (974, 0.011764091)]"
572,2018-10-19T22:49:46+0000,"[(461, 0.99066335)]"
573,2014-03-25T16:10:14+0000,"[(15, 0.070581816), (53, 0.07796345), (64, 0.028600799), (146, 0.12303602), (216, 0.10401002), (328, 0.16035308), (418, 0.04890461), (432, 0.09513543), (583, 0.13090557), (660, 0.0646501), (762, 0.028581508), (952, 0.038539685)]"
574,2008-09-09T16:06:02+0000,"[(182, 0.071472056), (280, 0.18962707), (326, 0.071434565), (327, 0.2296342), (557, 0.09558088), (577, 0.14279298), (875, 0.12821552)]"
575,2021-05-05T12:00:01+0000,"[(821, 0.98707503)]"
576,2020-10-30T14:59:22+0000,"[(707, 0.9907498)]"
577,2017-05-26T11:00:00+0000,"[(967, 0.99667984)]"
578,2016-06-07T06:03:56-0400,"[(975, 0.9936771)]"
579,2021-01-05T07:45:24+0000,"[(536, 0.9902053)]"
580,2018-06-22T17:12:18+0000,"[(28, 0.016591754), (156, 0.010724045), (193, 0.656233), (214, 0.038425084), (285, 0.011375443), (382, 0.0100207515), (688, 0.028236998)]"
581,2017-06-14T04:21:58+0000,"[(28, 0.9966888)]"
582,2008-12-17T07:29:56+0000,"[(153, 0.49349573)]"
583,2008-05-15T13:36:35+0000,"[(259, 0.9955598)]"
584,2012-10-05T04:20:00+0000,"[(11, 0.06512902), (47, 0.021137984), (61, 0.071755715), (118, 0.024365108), (161, 0.081889965), (165, 0.025681522), (370, 0.04945227), (402, 0.07960226), (447, 0.06403599), (453, 0.019097233), (462, 0.053084075), (470, 0.036654837), (481, 0.048966456), (598, 0.06671871), (641, 0.021198038), (739, 0.036807213), (745, 0.04288816), (794, 0.10790127), (888, 0.03511921), (944, 0.0112497285), (975, 0.02008483)]"
585,2016-08-11T12:50:53+0000,"[(469, 0.98889977)]"
586,2016-11-21T16:59:28+0000,"[(15, 0.024584074), (55, 0.038008004), (86, 0.065273374), (203, 0.04765288), (216, 0.01695995), (244, 0.045567296), (370, 0.10349662), (382, 0.066223025), (398, 0.07459251), (614, 0.019368837), (663, 0.059001327), (711, 0.36139163), (878, 0.019847922), (950, 0.040819746)]"
587,2020-09-29T02:52:01+0000,"[(208, 0.9949839)]"
588,2017-01-20T12:27:44+0000,"[(97, 0.048596684), (110, 0.044192646), (289, 0.17584686), (366, 0.22188368), (410, 0.0453679), (469, 0.10791751), (615, 0.041712545), (652, 0.06323091), (678, 0.08933518), (911, 0.05056283), (952, 0.07013786)]"
589,2007-11-19T13:33:13+0000,"[(731, 0.9878134)]"
590,2012-10-04T07:15:00+0000,"[(739, 0.9891411)]"
591,2011-12-16T20:35:04+0000,"[(164, 0.01863108), (231, 0.05468844), (232, 0.06477514), (285, 0.08590649), (383, 0.032478534), (400, 0.048920266), (426, 0.11797273), (461, 0.050703205), (483, 0.017170507), (499, 0.034412835), (558, 0.05151028), (584, 0.046349224), (599, 0.053418197), (614, 0.016993133), (764, 0.017411003), (827, 0.15904166), (848, 0.041911952), (952, 0.07282215)]"
592,2018-08-01T18:56:45+0000,"[(728, 0.9921074)]"
593,2021-01-19T14:19:12+0000,"[(39, 0.022097955), (119, 0.03293948), (123, 0.11645816), (138, 0.02180238), (171, 0.052887034), (208, 0.022450788), (218, 0.07454995), (272, 0.021368345), (300, 0.03563818), (495, 0.06693016), (531, 0.019759286), (564, 0.040369254), (623, 0.018963926), (712, 0.024699697), (801, 0.04104013), (821, 0.14647828), (874, 0.022822887), (909, 0.16163446), (930, 0.037759442)]"
594,2016-09-29T15:06:17+0000,"[(110, 0.98824507)]"
595,2013-04-22T17:40:04+0000,"[(231, 0.9908529)]"
596,2012-10-04T04:42:00+0000,
597,2014-06-12T22:09:19+0000,"[(375, 0.99715364)]"
598,2017-11-21T11:00:34+0000,"[(55, 0.0334498), (370, 0.039660893), (398, 0.012748635), (400, 0.027650597), (606, 0.017532213), (652, 0.018042056), (711, 0.030817265), (751, 0.010743764), (875, 0.037667636), (934, 0.692694), (974, 0.012584377), (975, 0.012304184), (989, 0.019259255)]"
599,2007-02-27T00:21:45+0000,"[(53, 0.02139577), (96, 0.09457343), (170, 0.026234288), (328, 0.054527562), (354, 0.018675508), (370, 0.09615032), (383, 0.06844445), (391, 0.015163603), (400, 0.06458737), (550, 0.09512015), (567, 0.020418096), (584, 0.04567081), (703, 0.21087722), (762, 0.059452478), (765, 0.017282225), (793, 0.04403434), (892, 0.017456274), (957, 0.015701601)]"
600,2010-09-28T02:47:37+0000,"[(398, 0.98947537)]"
601,2010-01-29T22:34:49+0000,"[(59, 0.040125404), (96, 0.064810686), (183, 0.18207009), (203, 0.030855324), (289, 0.028665986), (469, 0.02502213), (544, 0.056650575), (550, 0.08320971), (563, 0.03399217), (565, 0.06671505), (578, 0.073295124), (876, 0.18527004), (952, 0.074660435), (957, 0.030002568)]"
602,2011-08-02T14:28:11+0000,"[(16, 0.05415389), (41, 0.031794317), (51, 0.017580133), (138, 0.06188861), (141, 0.029871639), (156, 0.017031234), (192, 0.015841663), (253, 0.04630193), (267, 0.042722955), (271, 0.01626175), (322, 0.104638115), (343, 0.069905125), (426, 0.01846518), (427, 0.05063151), (492, 0.041205917), (516, 0.021671232), (536, 0.016677251), (567, 0.01420959), (580, 0.01886264), (738, 0.059737567), (857, 0.033156678), (876, 0.019202555), (889, 0.061463702), (928, 0.039692707), (975, 0.08190613)]"
603,2016-12-20T14:38:49+0000,"[(928, 0.9913877)]"
604,2011-08-26T15:09:31+0000,"[(110, 0.9936759)]"
605,2019-08-06T20:15:12+0000,"[(37, 0.9936636)]"
606,2014-10-06T10:20:19+0000,"[(216, 0.99160486)]"
607,2020-12-10T14:00:09+0000,"[(198, 0.86330616), (519, 0.027003728), (558, 0.054567028), (771, 0.03570849)]"
608,2011-01-28T18:32:12+0000,"[(64, 0.107364215), (208, 0.039785627), (209, 0.03706735), (228, 0.037055925), (253, 0.24707237), (301, 0.07412103), (327, 0.049535893), (382, 0.12637524), (426, 0.077848375), (825, 0.048758738), (878, 0.11837917)]"
609,2017-10-30T22:21:45+0000,"[(711, 0.99625653)]"
610,2011-09-12T14:40:59+0000,"[(61, 0.99099976)]"
611,2017-05-05T12:57:54+0000,"[(331, 0.9943566)]"
612,2016-06-30T05:00:00+0000,"[(806, 0.97072965)]"
613,2012-10-25T19:19:00+0000,"[(81, 0.90344757), (218, 0.055592343), (382, 0.013384338), (974, 0.01053597)]"
614,2008-10-23T13:49:17+0000,"[(110, 0.015866598), (153, 0.014185606), (165, 0.06295164), (206, 0.052653085), (247, 0.021218313), (256, 0.03770989), (327, 0.041076683), (330, 0.038742132), (369, 0.028937744), (370, 0.016627187), (394, 0.026264442), (400, 0.035119314), (403, 0.019813972), (426, 0.02913286), (462, 0.012076666), (570, 0.02270371), (606, 0.014538672), (650, 0.014030038), (773, 0.040115017), (825, 0.33321044), (827, 0.030077664), (957, 0.032631878)]"
615,2012-10-01T22:40:00+0000,"[(794, 0.996878)]"
616,2012-08-09T14:22:30+0000,"[(146, 0.120856), (164, 0.12402121), (171, 0.19510221), (206, 0.08853601), (220, 0.079786904), (233, 0.12588194), (328, 0.07522681), (564, 0.11972389)]"
617,2013-05-06T16:34:27+0000,"[(208, 0.99599785)]"
618,2007-05-17T15:57:16+0000,"[(96, 0.42918658), (145, 0.11971513), (208, 0.045337144), (212, 0.042234786), (267, 0.04375833), (622, 0.09674241), (669, 0.043495886), (782, 0.049451143), (839, 0.086985506)]"
619,2012-03-26T14:01:53+0000,"[(517, 0.9918113)]"
620,2010-05-05T17:16:33+0000,"[(65, 0.035749536), (164, 0.073023), (171, 0.07732372), (232, 0.035742924), (392, 0.0400652), (394, 0.040342342), (641, 0.025835223), (713, 0.18250908), (728, 0.036239687), (762, 0.16420555), (801, 0.095963076), (826, 0.105491236), (957, 0.052253593)]"
621,2019-05-29T15:11:51+0000,"[(745, 0.9903937)]"
622,2012-10-05T14:59:00+0000,
623,2020-05-02T16:57:58+0000,"[(631, 0.9903772)]"
624,2009-01-15T20:58:24+0000,"[(23, 0.07918525), (97, 0.04026855), (284, 0.028599892), (317, 0.3691663), (370, 0.1260748), (400, 0.16839594), (584, 0.032168932), (801, 0.06669169), (989, 0.061126135)]"
