,published_at,topic_class
0,2021-09-29T17:09:39+0000,"[(449, 0.09099977), (561, 0.091001034), (753, 0.090996586), (756, 0.09098987), (801, 0.09099799), (938, 0.45464715)]"
1,2016-06-24T13:50:48-0400,"[(488, 0.046972986), (562, 0.92542994), (658, 0.015545475)]"
2,2014-03-25T13:29:45-0400,"[(530, 0.9982684)]"
3,2009-04-22T19:49:03+0000,"[(161, 0.03850209), (164, 0.09252543), (196, 0.09573336), (203, 0.046126686), (337, 0.05643815), (387, 0.08246704), (420, 0.058658995), (565, 0.10631785), (572, 0.020238047), (604, 0.08362427), (609, 0.038497206), (679, 0.1213526), (700, 0.035399426), (767, 0.08618899)]"
4,2018-04-14T14:59:04+0000,
5,2017-03-07T23:07:14+0000,"[(82, 0.06355293), (144, 0.06331033), (225, 0.07286908), (290, 0.038795844), (326, 0.047053367), (442, 0.075157896), (650, 0.04345555), (723, 0.07950913), (778, 0.061775032), (795, 0.15422694), (867, 0.021605708), (892, 0.020718457), (907, 0.14559169), (928, 0.027852988), (972, 0.069821306)]"
6,2017-02-28T11:00:37-0500,"[(445, 0.9940178)]"
7,2020-12-17T06:08:38+0000,"[(19, 0.0643318), (69, 0.16741355), (696, 0.12956484), (719, 0.08998596), (723, 0.22274813), (947, 0.26748103)]"
8,2019-07-28T21:00:47+0000,"[(69, 0.036310695), (87, 0.014995629), (200, 0.03939784), (238, 0.023955602), (417, 0.023234209), (515, 0.04022728), (569, 0.06712596), (628, 0.57578146), (638, 0.056564752), (907, 0.10787781)]"
9,2012-04-05T06:53:57+0000,"[(139, 0.23022847), (144, 0.038491063), (196, 0.040035047), (293, 0.079834774), (634, 0.19941962), (650, 0.040328432), (739, 0.14847943), (929, 0.18641607)]"
10,2010-11-30T15:42:50+0000,"[(107, 0.01919592), (308, 0.1460754), (367, 0.15115154), (520, 0.07784731), (527, 0.37535083), (867, 0.07699214), (925, 0.07699825)]"
11,2019-02-11T10:04:30+0000,"[(3, 0.042061508), (53, 0.061123747), (87, 0.019861354), (111, 0.02922799), (182, 0.06754954), (223, 0.0375093), (238, 0.03597659), (292, 0.03995872), (317, 0.017212076), (331, 0.10128716), (417, 0.029757004), (493, 0.09183955), (651, 0.047519103), (679, 0.02177162), (793, 0.108664475), (842, 0.058833323), (884, 0.01864701), (933, 0.09708747), (972, 0.057758655)]"
12,2019-01-30T20:32:22+0000,"[(60, 0.19923578), (65, 0.023702139), (91, 0.033113442), (107, 0.042008407), (112, 0.031467956), (223, 0.024693837), (320, 0.09449957), (346, 0.016289916), (364, 0.020096399), (444, 0.01640475), (449, 0.016412443), (470, 0.02038326), (493, 0.032587994), (506, 0.016572507), (633, 0.06553261), (638, 0.11060715), (652, 0.03778), (679, 0.03447356), (700, 0.04559518), (706, 0.050135795), (838, 0.032097444), (843, 0.020273445)]"
13,2021-06-03T10:44:44+0000,"[(732, 0.9912366)]"
14,2007-04-30T06:55:55+0000,"[(656, 0.9929985)]"
15,2015-10-06T19:24:25+0000,"[(52, 0.017782228), (119, 0.15864238), (159, 0.12886997), (196, 0.017563298), (373, 0.0239755), (386, 0.02130381), (389, 0.13763665), (417, 0.042653132), (421, 0.033875145), (583, 0.019775849), (595, 0.025339035), (638, 0.22728035), (820, 0.04362756), (838, 0.027911631), (998, 0.055909984)]"
16,2021-05-12T21:01:16+0000,"[(269, 0.99306226)]"
17,2014-05-29T01:01:17+0000,"[(229, 0.98980594)]"
18,2014-05-12T15:38:19+0000,"[(342, 0.98962957)]"
19,2008-03-04T00:25:24+0000,
20,2015-03-19T19:43:07+0000,"[(10, 0.11309872), (16, 0.12937726), (53, 0.0182398), (144, 0.022038117), (278, 0.018624002), (328, 0.114764005), (359, 0.03334734), (378, 0.01514962), (488, 0.06585649), (537, 0.14821957), (604, 0.07077999), (654, 0.018272886), (660, 0.088153936), (703, 0.022276355), (736, 0.01668512), (801, 0.018298285), (934, 0.07043149)]"
21,2016-05-19T03:03:37+0000,"[(24, 0.020738678), (119, 0.019767316), (220, 0.019316105), (291, 0.0237929), (331, 0.11709938), (372, 0.11015955), (487, 0.03090527), (527, 0.019324366), (658, 0.09839509), (671, 0.045709256), (673, 0.20979294), (753, 0.060531422), (808, 0.0480459), (842, 0.13757823), (883, 0.020929413)]"
22,2016-12-17T15:07:56+0000,"[(16, 0.02738673), (82, 0.014670377), (123, 0.01469741), (143, 0.03364111), (198, 0.023905884), (271, 0.08855943), (403, 0.048041813), (417, 0.059064), (419, 0.016126307), (438, 0.04536963), (444, 0.06760901), (506, 0.0392318), (518, 0.014645246), (527, 0.06910646), (565, 0.01753066), (603, 0.017560504), (604, 0.15555951), (689, 0.073055305), (735, 0.014652759), (781, 0.03714721), (801, 0.015062637), (869, 0.0520969), (929, 0.023112701), (991, 0.018971836)]"
23,2018-02-26T21:26:02+0000,"[(16, 0.05447492), (90, 0.051572643), (91, 0.038061716), (147, 0.13529527), (243, 0.031900045), (344, 0.022991851), (373, 0.07723214), (438, 0.0160615), (582, 0.017112086), (606, 0.02238058), (658, 0.025651975), (671, 0.016216807), (696, 0.017097417), (706, 0.032378677), (762, 0.13407245), (847, 0.046337694), (883, 0.045750488), (884, 0.11545663), (897, 0.051013), (954, 0.032268867)]"
24,2007-07-05T00:57:16+0000,"[(4, 0.047481295), (209, 0.23147969), (329, 0.04943681), (403, 0.023767205), (417, 0.023827547), (496, 0.07695253), (576, 0.028880948), (625, 0.024207445), (706, 0.12866725), (769, 0.06801964), (793, 0.024614252), (810, 0.19694144), (938, 0.052219845)]"
25,2018-02-28T14:30:29+0000,"[(200, 0.994742)]"
26,2010-07-26T14:19:22+0000,"[(86, 0.01749628), (177, 0.028184388), (194, 0.0465342), (200, 0.05376385), (232, 0.06568407), (238, 0.09193938), (293, 0.0401356), (569, 0.085845605), (576, 0.07205338), (626, 0.24671037), (628, 0.0342828), (631, 0.019486668), (662, 0.032635465), (741, 0.037934326), (793, 0.036837436), (934, 0.015180674), (970, 0.030078063), (993, 0.016526055), (994, 0.014871496)]"
27,2012-01-25T20:27:04+0000,"[(16, 0.03238173), (111, 0.12962122), (295, 0.05736962), (433, 0.017210575), (565, 0.06705526), (572, 0.32154244), (603, 0.16524456), (654, 0.031111335), (732, 0.025966221), (994, 0.05206645), (998, 0.07570279)]"
28,2017-07-31T19:31:48+0000,"[(111, 0.042639766), (234, 0.034513135), (361, 0.277801), (558, 0.09499345), (691, 0.40453014), (922, 0.07905091), (931, 0.03336824)]"
29,2012-04-16T16:44:20+0000,"[(3, 0.08117364), (94, 0.10813049), (200, 0.12241798), (329, 0.04729224), (341, 0.037073772), (351, 0.10079404), (399, 0.07407996), (442, 0.055562932), (509, 0.072367325), (515, 0.084289856), (793, 0.14314589), (988, 0.03707377)]"
30,2021-05-11T12:30:01+0000,"[(136, 0.99601376)]"
31,2020-03-18T16:17:43+0000,"[(373, 0.990394)]"
32,2019-01-10T20:04:07+0000,"[(558, 0.99320394)]"
33,2019-03-03T17:00:13+0000,"[(19, 0.014026739), (24, 0.014798321), (65, 0.88496625), (339, 0.012590307), (652, 0.018063733), (673, 0.025457399)]"
34,2021-09-03T00:42:01+0000,"[(2, 0.01976803), (24, 0.072589874), (91, 0.02725146), (122, 0.06375875), (167, 0.020129165), (232, 0.16054693), (238, 0.08562671), (255, 0.017471483), (295, 0.049595118), (326, 0.0530549), (333, 0.03175011), (359, 0.05060966), (520, 0.05014009), (671, 0.06023808), (861, 0.03969543), (954, 0.032723103), (972, 0.062387407), (998, 0.016148306), (999, 0.07094989)]"
35,2007-09-12T04:25:04+0000,"[(671, 0.99559885)]"
36,2016-03-22T14:54:22+0000,"[(762, 0.9933581)]"
37,2007-03-16T06:24:33+0000,"[(709, 0.99559903)]"
38,2009-10-22T17:23:03+0000,"[(172, 0.10410625), (211, 0.016799783), (290, 0.038358793), (291, 0.08993406), (320, 0.01699047), (390, 0.01735183), (397, 0.03497831), (403, 0.01670303), (420, 0.11989814), (569, 0.17698748), (572, 0.05545775), (583, 0.01563418), (769, 0.01778029), (934, 0.08895997), (953, 0.13355151), (972, 0.017619187), (993, 0.02064103)]"
39,2012-01-18T22:09:31+0000,"[(24, 0.35257336), (843, 0.12512894), (878, 0.19550836), (934, 0.20228472)]"
40,2021-02-05T17:30:52+0000,"[(230, 0.8473102), (339, 0.13218632), (651, 0.0134034455)]"
41,2011-10-25T21:19:30+0000,"[(82, 0.04619597), (91, 0.024316039), (94, 0.094473295), (123, 0.032670606), (228, 0.025362749), (234, 0.048912577), (308, 0.11081279), (320, 0.045573357), (359, 0.02462188), (438, 0.038716327), (442, 0.02957096), (470, 0.11075715), (488, 0.052722763), (515, 0.06453496), (569, 0.041197207), (674, 0.04762857), (716, 0.024641281), (775, 0.0440472), (847, 0.022060016), (944, 0.022601645), (994, 0.026327299)]"
42,2013-02-26T09:32:17+0000,"[(53, 0.0667326), (380, 0.088729486), (420, 0.31844634), (500, 0.20940657), (530, 0.070729904), (752, 0.067701675), (879, 0.042554233), (999, 0.06956214)]"
43,2006-12-14T23:29:44+0000,"[(634, 0.99705297)]"
44,2012-10-08T09:04:00+0000,"[(69, 0.0107141305), (144, 0.021097323), (196, 0.021990782), (238, 0.0121932365), (333, 0.011193137), (387, 0.024286993), (390, 0.01775004), (438, 0.021314478), (499, 0.010950346), (508, 0.0113349855), (544, 0.03172996), (569, 0.011361375), (572, 0.02573327), (582, 0.013590646), (618, 0.037860375), (704, 0.10665342), (723, 0.021948747), (754, 0.019345906), (943, 0.0118600475), (987, 0.48866162)]"
45,2009-02-09T22:23:28+0000,"[(81, 0.99635905)]"
46,2014-11-13T18:25:56+0000,"[(775, 0.9945109)]"
47,2010-01-04T20:19:07+0000,"[(200, 0.30778822), (203, 0.084926784), (220, 0.07094773), (367, 0.07831486), (417, 0.053194474), (638, 0.056681234), (654, 0.055260062), (707, 0.045501553), (808, 0.13017929), (872, 0.07220119)]"
48,2010-07-08T18:10:10+0000,"[(82, 0.9887749)]"
49,2015-11-23T20:57:10+0000,"[(138, 0.15918227), (409, 0.8090331), (959, 0.02147393)]"
50,2008-08-29T15:25:24+0000,"[(964, 0.992654)]"
51,2014-06-17T06:09:51-0400,"[(707, 0.99291474)]"
52,2017-08-30T20:20:38+0000,"[(631, 0.9884378)]"
53,2012-08-30T18:05:09+0000,"[(65, 0.044856057), (144, 0.1383985), (167, 0.10293032), (387, 0.07087881), (399, 0.064036414), (460, 0.098839276), (515, 0.07683575), (625, 0.050859492), (671, 0.062973425), (681, 0.04171433), (882, 0.047250208), (929, 0.09897393), (999, 0.060320124)]"
54,2011-11-18T17:50:14+0000,"[(80, 0.15002799), (211, 0.023266157), (223, 0.078780845), (230, 0.037562825), (278, 0.08741323), (303, 0.036286954), (354, 0.020772241), (387, 0.043912083), (389, 0.038887713), (442, 0.031526532), (515, 0.043065313), (618, 0.023730285), (715, 0.14237125), (762, 0.087059684), (847, 0.033354197), (938, 0.09999148)]"
55,2016-02-05T15:27:47+0000,"[(669, 0.9935546)]"
56,2015-01-23T19:24:15+0000,"[(662, 0.99108016)]"
57,2013-02-13T12:55:50+0000,"[(214, 0.99502975)]"
58,2011-11-28T15:05:41+0000,"[(10, 0.06880916), (24, 0.027399931), (48, 0.035789054), (80, 0.06652335), (107, 0.0389607), (144, 0.016447188), (167, 0.04079835), (209, 0.046240058), (255, 0.015567581), (344, 0.020058095), (359, 0.10523193), (391, 0.08137215), (430, 0.020436374), (518, 0.14006549), (544, 0.042216957), (565, 0.017051654), (573, 0.014943229), (576, 0.025523048), (609, 0.020049931), (779, 0.06212757), (793, 0.021622254), (950, 0.05816383)]"
59,2017-10-23T20:11:12+0000,"[(143, 0.05509635), (173, 0.08746922), (199, 0.034041245), (229, 0.08132783), (303, 0.061081562), (342, 0.02183543), (419, 0.13294984), (500, 0.020911295), (520, 0.026151273), (527, 0.02079564), (662, 0.04464502), (678, 0.08235279), (753, 0.039630137), (756, 0.063681), (775, 0.12191862), (778, 0.023734227), (812, 0.021146767), (944, 0.020719487), (998, 0.020430554)]"
60,2020-09-29T15:55:01+0000,"[(48, 0.8480022), (138, 0.02058769), (397, 0.017172605), (569, 0.020062298), (606, 0.023906736), (944, 0.016143635)]"
61,2014-01-02T12:38:05+0000,"[(4, 0.01664813), (53, 0.037614144), (86, 0.017030511), (119, 0.14376852), (139, 0.076102264), (232, 0.038681634), (282, 0.018490242), (359, 0.019338304), (433, 0.10020328), (506, 0.019969998), (576, 0.024846036), (595, 0.024632387), (679, 0.0713011), (801, 0.02207689), (890, 0.24793442), (934, 0.105227254)]"
62,2019-01-11T18:29:51+0000,"[(659, 0.99000984)]"
63,2016-12-14T04:06:02+0000,"[(842, 0.9891411)]"
64,2013-05-31T17:12:25+0000,"[(493, 0.026897782), (679, 0.9624973)]"
65,2020-04-13T21:08:49+0000,"[(188, 0.43314278), (386, 0.56201243)]"
66,2021-02-22T13:30:41+0000,"[(303, 0.9950542)]"
67,2014-04-07T20:24:50+0000,"[(857, 0.9929143)]"
68,2012-11-01T19:27:00+0000,"[(107, 0.017571978), (339, 0.03291986), (569, 0.026213983), (658, 0.012826057), (679, 0.83899784), (715, 0.018913772), (878, 0.020894894)]"
69,2007-05-04T02:46:24+0000,"[(46, 0.45796162), (537, 0.49962986), (565, 0.024673775)]"
70,2019-06-09T20:35:14+0000,"[(606, 0.9961278)]"
71,2020-02-14T16:54:58+0000,"[(443, 0.99717766)]"
72,2009-07-28T16:50:50+0000,"[(164, 0.11117132), (220, 0.060046054), (626, 0.07524663), (673, 0.07913525), (798, 0.24856123), (923, 0.37061262)]"
73,2007-04-16T17:48:42+0000,"[(638, 0.9873285)]"
74,2017-10-24T09:26:38+0000,"[(200, 0.010313909), (420, 0.973965)]"
75,2016-07-08T09:29:58-0400,"[(291, 0.936895), (331, 0.011666165), (508, 0.028135955)]"
76,2011-09-07T14:51:39+0000,"[(10, 0.06646846), (78, 0.22988541), (177, 0.05887793), (209, 0.057260837), (414, 0.15689255), (490, 0.17350398), (520, 0.05888107), (689, 0.061399985), (700, 0.078505896)]"
77,2020-12-23T16:13:36+0000,"[(60, 0.25000307), (221, 0.7403956)]"
78,2012-07-18T16:51:47+0000,"[(220, 0.08309214), (290, 0.030270442), (414, 0.21177876), (527, 0.08045865), (565, 0.11873698), (569, 0.032801215), (576, 0.08700018), (907, 0.16342564), (953, 0.030866439), (998, 0.13551438)]"
79,2009-08-17T18:49:35+0000,"[(36, 0.062559545), (63, 0.062561356), (753, 0.23155987), (842, 0.138253), (878, 0.06255011), (892, 0.14076519), (928, 0.23819335)]"
80,2019-01-21T14:51:25+0000,"[(10, 0.084052525), (107, 0.18785405), (373, 0.06986121), (470, 0.05884469), (488, 0.058890697), (506, 0.11771242), (644, 0.11271412), (883, 0.079230815), (954, 0.113708735), (999, 0.0588858)]"
81,2007-07-18T18:09:35+0000,"[(107, 0.02582114), (171, 0.7830442), (238, 0.027821977), (569, 0.03877742), (582, 0.017094703), (666, 0.09355251)]"
82,2020-06-09T06:27:35+0000,"[(69, 0.10300357), (172, 0.0576074), (285, 0.058836754), (552, 0.17330836), (582, 0.047645796), (607, 0.09213331), (639, 0.068039104), (678, 0.12414855), (691, 0.12596318), (737, 0.094297044)]"
83,2020-06-29T23:01:54+0000,"[(970, 0.99557424)]"
84,2012-10-01T20:39:00+0000,
85,2010-06-28T18:32:18+0000,"[(87, 0.090473995), (603, 0.41421375), (689, 0.11923529), (756, 0.20455849), (767, 0.08859391)]"
86,2017-01-24T23:15:09+0000,"[(144, 0.99048406)]"
87,2015-02-13T22:39:51+0000,"[(209, 0.05864208), (210, 0.44863087), (255, 0.05268497), (339, 0.052667234), (389, 0.118839644), (493, 0.052676696), (857, 0.16359223)]"
88,2014-12-05T15:35:11+0000,"[(78, 0.06362358), (333, 0.1859603), (409, 0.03846207), (417, 0.1027418), (488, 0.035458703), (499, 0.04224918), (867, 0.4066029), (885, 0.08946677)]"
89,2016-09-20T11:24:53+0000,"[(292, 0.9876664)]"
90,2011-06-07T17:57:49+0000,"[(80, 0.99283844)]"
91,2021-10-18T08:00:25+0000,"[(78, 0.027731635), (79, 0.039884683), (82, 0.022943806), (139, 0.023530846), (188, 0.028909275), (194, 0.022996444), (291, 0.033365343), (322, 0.022248108), (328, 0.052721776), (329, 0.14096083), (344, 0.07125438), (361, 0.02656654), (390, 0.05287462), (397, 0.047043886), (433, 0.07673), (462, 0.022241168), (562, 0.030579451), (603, 0.025282405), (604, 0.022238681), (609, 0.039200924), (710, 0.097152784), (737, 0.051803213)]"
92,2016-02-05T16:37:00+0000,"[(69, 0.01876676), (75, 0.019606344), (210, 0.062398005), (226, 0.021340815), (331, 0.017973183), (390, 0.021001142), (496, 0.029005269), (558, 0.016607966), (569, 0.080468774), (614, 0.032671478), (665, 0.099842176), (669, 0.06273943), (678, 0.04984643), (689, 0.037495937), (781, 0.017920204), (793, 0.07936654), (842, 0.053828686), (900, 0.05178275), (938, 0.037379004), (970, 0.17439996)]"
93,2015-10-12T05:13:49+0000,"[(582, 0.9886293)]"
94,2015-03-29T03:13:57+0000,"[(144, 0.99180967)]"
95,2012-10-02T18:23:00+0000,"[(255, 0.052681267), (329, 0.010859451), (361, 0.015655108), (387, 0.017483674), (607, 0.86441773), (715, 0.011402128)]"
96,2018-11-30T11:38:30+0000,"[(793, 0.9935547)]"
97,2016-07-22T11:44:12+0000,"[(756, 0.99608225)]"
98,2011-11-17T11:50:06+0000,"[(184, 0.12038846), (226, 0.12001483), (295, 0.2820927), (331, 0.060622923), (582, 0.22099991), (888, 0.12449468), (987, 0.012969881)]"
99,2021-02-19T16:48:01+0000,"[(604, 0.98959357)]"
100,2014-08-21T08:59:31+0000,"[(333, 0.10643523), (387, 0.08082948), (651, 0.052156597), (671, 0.43403736), (673, 0.08019236), (756, 0.05340447), (795, 0.03690698), (808, 0.03450327), (913, 0.052053932), (944, 0.031798698)]"
101,2018-02-13T05:00:00+0000,"[(203, 0.9966165)]"
102,2012-10-09T06:12:00+0000,"[(75, 0.020136876), (128, 0.11578174), (232, 0.054646045), (317, 0.03580887), (430, 0.040825214), (464, 0.054690327), (595, 0.026503107), (606, 0.050643757), (618, 0.021142507), (673, 0.022059541), (674, 0.04957819), (681, 0.048578966), (739, 0.01982778), (795, 0.03414861), (863, 0.19559626), (930, 0.19073306)]"
103,2008-03-18T01:15:41+0000,"[(238, 0.027270336), (351, 0.9650758)]"
104,2007-08-16T21:27:50+0000,"[(169, 0.07568956), (200, 0.36560318), (218, 0.040112406), (226, 0.097788215), (329, 0.021859815), (380, 0.032762337), (390, 0.11710246), (433, 0.031258922), (552, 0.050184015), (609, 0.041341558), (812, 0.03430063), (888, 0.031749155), (913, 0.030329928)]"
105,2015-10-16T17:21:29+0000,"[(90, 0.104862854), (143, 0.046419412), (220, 0.076072544), (387, 0.12111832), (430, 0.042613488), (536, 0.033107102), (561, 0.032562345), (591, 0.03655585), (609, 0.051864624), (767, 0.09556622), (779, 0.10714941), (892, 0.036501154), (970, 0.14833803), (986, 0.03545477)]"
106,2017-11-08T12:52:00+0000,"[(69, 0.123265386), (90, 0.022480503), (130, 0.03331877), (203, 0.04412381), (232, 0.026276715), (290, 0.07015864), (293, 0.023595622), (324, 0.06686021), (329, 0.023013959), (372, 0.043233622), (399, 0.14272219), (417, 0.07310387), (530, 0.028975777), (626, 0.031037213), (638, 0.17144483), (793, 0.022873145), (998, 0.025349531)]"
107,2018-05-09T14:37:57+0000,"[(46, 0.03339078), (64, 0.050702192), (167, 0.029122418), (320, 0.08415594), (343, 0.04458818), (367, 0.07213023), (376, 0.10573525), (403, 0.0770614), (493, 0.05639325), (673, 0.16108617), (732, 0.027168887), (762, 0.028116573), (842, 0.094612956), (890, 0.08463905), (999, 0.026006252)]"
108,2017-04-27T19:23:42+0000,"[(798, 0.99297404)]"
109,2011-06-13T21:32:25+0000,"[(94, 0.100057244), (190, 0.053748578), (209, 0.0500506), (255, 0.11367559), (387, 0.0505275), (442, 0.051947966), (488, 0.018364578), (576, 0.05004989), (694, 0.05005525), (754, 0.14301307), (762, 0.050032716), (796, 0.15737316), (934, 0.061746437)]"
110,2016-07-21T18:59:41+0000,"[(994, 0.99347043)]"
111,2013-05-20T17:39:16+0000,"[(359, 0.9924317)]"
112,2020-09-06T18:58:46+0000,"[(430, 0.99541724)]"
113,2017-06-26T15:12:46+0000,"[(31, 0.019429166), (78, 0.22846568), (80, 0.060266085), (159, 0.048129823), (359, 0.018814452), (471, 0.04572571), (531, 0.07344867), (565, 0.050663464), (659, 0.022133697), (756, 0.035761394), (779, 0.09025569), (800, 0.059716705), (801, 0.01981697), (923, 0.022167522), (991, 0.16679028), (999, 0.017409766)]"
114,2017-09-06T07:25:38+0000,"[(438, 0.98870325)]"
115,2011-08-16T01:13:41+0000,"[(167, 0.9942252)]"
116,2020-02-28T20:36:23+0000,"[(963, 0.99412423)]"
117,2011-03-30T20:25:57+0000,"[(614, 0.98480225)]"
118,2015-09-25T10:00:00+0000,"[(576, 0.9924868)]"
119,2013-04-09T21:52:09+0000,"[(389, 0.9971374)]"
120,2007-11-12T14:23:23+0000,"[(572, 0.99482375)]"
121,2020-02-20T03:08:38+0000,"[(419, 0.9936368)]"
122,2008-06-11T16:42:59+0000,"[(91, 0.10792439), (211, 0.11259639), (326, 0.05267955), (373, 0.056280546), (727, 0.053848043), (779, 0.27717245), (808, 0.05267955), (944, 0.052684262), (998, 0.1819719)]"
123,2018-11-07T10:46:58+0000,"[(520, 0.9950049)]"
124,2013-03-11T16:59:38+0000,"[(87, 0.15950349), (161, 0.032689855), (282, 0.03212666), (344, 0.019679738), (367, 0.045505505), (383, 0.02242497), (410, 0.1579713), (449, 0.02085276), (452, 0.022884192), (490, 0.022612672), (552, 0.09397021), (572, 0.036253594), (614, 0.08949923), (638, 0.088955335), (678, 0.021462131), (795, 0.035798002), (857, 0.07732791)]"
125,2016-09-23T09:16:52+0000,"[(238, 0.98781675)]"
126,2021-09-09T11:40:58+0000,"[(19, 0.13101293), (367, 0.29609206), (597, 0.026522422), (801, 0.100573294), (907, 0.3462959)]"
127,2011-05-19T17:45:37+0000,"[(80, 0.21145116), (112, 0.19311531), (255, 0.1153067), (364, 0.07724668), (527, 0.11839867), (736, 0.06673869), (793, 0.1515155)]"
128,2013-07-28T11:00:00+0000,"[(228, 0.87740195), (324, 0.03722459), (552, 0.03737764), (556, 0.01760654)]"
129,2016-08-20T08:11:46+0000,"[(929, 0.99479675)]"
130,2020-09-16T03:07:16+0000,"[(752, 0.9937948)]"
131,2020-11-12T00:23:38+0000,"[(60, 0.02239758), (82, 0.057331268), (119, 0.037066575), (130, 0.023513153), (196, 0.027072962), (210, 0.02267474), (331, 0.03591564), (332, 0.025234789), (333, 0.021115664), (638, 0.03600807), (707, 0.15887785), (740, 0.02410485), (778, 0.29913208), (801, 0.09236353), (913, 0.04611887), (999, 0.049201638)]"
132,2008-03-14T09:54:35+0000,"[(8, 0.113931686), (24, 0.11035345), (417, 0.15537712), (466, 0.1269371), (489, 0.04766946), (662, 0.13097672), (703, 0.1687618), (716, 0.04766572), (938, 0.05112934)]"
133,2017-03-13T13:30:24+0000,"[(499, 0.98761684)]"
134,2019-03-27T16:51:47+0000,"[(922, 0.9969794)]"
135,2014-03-18T12:56:09+0000,"[(80, 0.182808), (112, 0.04389754), (169, 0.04668639), (209, 0.03931409), (293, 0.030304022), (361, 0.17705496), (397, 0.03172541), (499, 0.121138126), (539, 0.04185036), (724, 0.07267574), (762, 0.15021977), (820, 0.032070063)]"
136,2019-02-01T07:02:21+0000,"[(380, 0.05580593), (438, 0.092098124), (552, 0.16980788), (569, 0.24249557), (674, 0.041162066), (691, 0.091206916), (737, 0.23649117)]"
137,2016-09-09T09:17:00+0000,"[(169, 0.059999667), (326, 0.17908049), (515, 0.04639835), (552, 0.041413162), (562, 0.29882672), (572, 0.036591943), (582, 0.030685838), (628, 0.08332712), (634, 0.023612706), (652, 0.017012645), (658, 0.02381803), (689, 0.017411854), (762, 0.10756574), (929, 0.017811036)]"
138,2021-05-07T13:10:06+0000,"[(217, 0.9966362)]"
139,2017-01-30T14:06:33+0000,"[(60, 0.04697338), (69, 0.03659202), (111, 0.033594433), (184, 0.019554447), (194, 0.017116884), (215, 0.037756685), (226, 0.084646694), (238, 0.047990475), (351, 0.10938124), (354, 0.015767213), (361, 0.16304033), (454, 0.079284795), (490, 0.044625595), (633, 0.018285068), (673, 0.021558989), (678, 0.01929464), (756, 0.017071623), (820, 0.020561894), (842, 0.087413594), (867, 0.019181091), (875, 0.020928342), (897, 0.02334385)]"
140,2011-07-18T07:54:48+0000,"[(24, 0.1058634), (40, 0.047673527), (182, 0.049060997), (331, 0.047647063), (419, 0.09772144), (430, 0.1878971), (490, 0.047663566), (561, 0.047672357), (576, 0.049679942), (666, 0.047672465), (689, 0.049721323), (732, 0.08670557), (913, 0.08777858)]"
141,2021-02-11T21:53:14+0000,"[(182, 0.9874873)]"
142,2012-01-11T14:38:47+0000,"[(226, 0.9883835)]"
143,2017-02-02T23:10:50+0000,"[(64, 0.06552201), (210, 0.047657438), (220, 0.12497836), (419, 0.05605716), (558, 0.17242314), (679, 0.102563344), (696, 0.047651947), (710, 0.14293168), (716, 0.09081449), (812, 0.0499678), (991, 0.052025855)]"
144,2016-11-30T20:06:08+0000,"[(255, 0.25373524), (842, 0.0845156), (885, 0.6478683)]"
145,2018-06-06T16:30:41+0000,"[(161, 0.9924886)]"
146,2016-01-11T11:29:03-0500,"[(238, 0.021589924), (324, 0.027189424), (577, 0.7491387), (703, 0.19773634)]"
147,2014-11-29T12:21:36+0000,"[(51, 0.051176816), (53, 0.08967964), (203, 0.08380746), (324, 0.02242329), (344, 0.06956038), (359, 0.070685394), (364, 0.030317763), (397, 0.13865097), (449, 0.01774693), (471, 0.068056025), (561, 0.018889757), (574, 0.06362467), (606, 0.021783073), (651, 0.071028545), (736, 0.01618857), (779, 0.020084413), (890, 0.042300846), (897, 0.022943657), (968, 0.06253687)]"
148,2020-09-17T15:57:50+0000,"[(339, 0.6669457), (752, 0.3220849)]"
149,2011-02-07T23:10:42+0000,"[(569, 0.98796344)]"
150,2015-04-13T16:16:05+0000,"[(362, 0.9887416)]"
151,2012-11-05T06:36:34+0000,"[(69, 0.08596661), (172, 0.09386597), (387, 0.1747159), (493, 0.08340085), (618, 0.11284093), (619, 0.09095352), (691, 0.048690762), (907, 0.090919435), (944, 0.045502003), (987, 0.12294713)]"
152,2020-12-04T18:28:39+0000,"[(574, 0.9888375)]"
153,2020-10-14T09:48:51+0000,"[(619, 0.99315727)]"
154,2009-04-01T14:20:14+0000,"[(215, 0.995599)]"
155,2016-07-08T13:34:27+0000,"[(38, 0.03392108), (56, 0.09791034), (167, 0.02051757), (180, 0.0658113), (229, 0.01952402), (238, 0.050481636), (320, 0.08479951), (373, 0.04121162), (390, 0.039196506), (417, 0.14326558), (488, 0.015894087), (500, 0.031862743), (654, 0.025180284), (693, 0.016963579), (706, 0.021550102), (779, 0.060110636), (790, 0.01985816), (801, 0.016956601), (824, 0.05720359), (884, 0.04307582), (954, 0.03470675), (998, 0.04341854)]"
156,2016-04-28T20:26:47+0000,"[(735, 0.9927523)]"
157,2012-10-08T10:56:30+0000,
158,2020-07-28T15:00:07+0000,"[(10, 0.9939918)]"
159,2018-02-26T06:41:19+0000,"[(303, 0.9954794)]"
160,2009-08-20T15:32:56+0000,"[(232, 0.9914466)]"
161,2016-03-14T19:58:52+0000,"[(19, 0.12088016), (119, 0.026209086), (214, 0.02126085), (226, 0.13038781), (470, 0.13122232), (565, 0.08631387), (583, 0.05059948), (591, 0.02484006), (609, 0.07780724), (740, 0.022571104), (793, 0.022402301), (838, 0.026473064), (875, 0.16813664), (972, 0.07017105)]"
162,2016-12-12T20:19:03+0000,"[(665, 0.99522)]"
163,2015-08-03T10:18:40+0000,"[(46, 0.07855113), (82, 0.05181776), (203, 0.07211247), (251, 0.025993872), (303, 0.035059933), (333, 0.017272335), (339, 0.022307271), (343, 0.12161718), (376, 0.040809814), (444, 0.011898159), (470, 0.062006086), (536, 0.07162808), (544, 0.019925674), (552, 0.05029209), (574, 0.015297359), (651, 0.08292561), (652, 0.031260308), (674, 0.037516836), (700, 0.032696318), (801, 0.018154161), (857, 0.024795486), (922, 0.018949287), (999, 0.042525116)]"
164,2010-11-12T18:28:03+0000,"[(130, 0.12809752), (324, 0.0151961045), (339, 0.0121241845), (508, 0.010772538), (790, 0.010628805), (943, 0.7736516)]"
165,2007-01-18T19:57:17+0000,"[(907, 0.9931571)]"
166,2016-10-12T09:45:55+0000,"[(31, 0.04375229), (143, 0.023629704), (184, 0.072329186), (198, 0.017799355), (220, 0.01969385), (228, 0.1078888), (229, 0.04463129), (308, 0.018239224), (333, 0.08089618), (346, 0.01614858), (445, 0.12385856), (536, 0.01679895), (587, 0.032282386), (659, 0.048630454), (723, 0.016211541), (739, 0.017750883), (753, 0.017670222), (795, 0.022428015), (810, 0.06046221), (869, 0.01709721), (890, 0.016719759), (913, 0.09219963), (989, 0.032113224), (998, 0.025022006)]"
167,2011-03-02T13:08:52+0000,"[(409, 0.9913124)]"
168,2011-06-11T19:58:27+0000,"[(4, 0.06674059), (80, 0.066684105), (138, 0.13341212), (144, 0.06672097), (180, 0.06673139), (344, 0.13341117), (527, 0.068203), (540, 0.066739544), (619, 0.06674448), (838, 0.13192767), (842, 0.066736765)]"
169,2014-04-24T04:08:05+0000,"[(24, 0.02940253), (31, 0.048153214), (41, 0.0291794), (122, 0.0860164), (169, 0.079295136), (230, 0.050582826), (238, 0.17509691), (320, 0.023632895), (344, 0.025977595), (493, 0.023488188), (569, 0.08418484), (707, 0.15587614), (710, 0.053073242), (727, 0.065740325), (820, 0.049775522)]"
170,2012-07-10T18:59:14+0000,"[(226, 0.10010196), (536, 0.10001873), (659, 0.19732971), (691, 0.19937915), (885, 0.102834344), (947, 0.20011711)]"
171,2015-06-16T12:56:19+0000,"[(536, 0.98980594)]"
172,2009-09-25T13:31:52+0000,"[(238, 0.015447937), (255, 0.023983954), (410, 0.0189259), (414, 0.06713773), (552, 0.035071038), (569, 0.025256958), (595, 0.7652128), (689, 0.01972342), (842, 0.0139891105)]"
173,2014-05-08T14:53:51+0000,"[(40, 0.017561806), (51, 0.32913405), (159, 0.02398448), (278, 0.07467615), (438, 0.058330104), (442, 0.023846122), (462, 0.052657448), (499, 0.036275897), (527, 0.019930203), (536, 0.018244913), (562, 0.113584004), (625, 0.023337832), (812, 0.05119994), (867, 0.036088474), (878, 0.07645543), (953, 0.023627993)]"
174,2009-07-14T20:07:09+0000,"[(737, 0.9878143)]"
175,2019-09-26T09:27:32+0000,"[(31, 0.026431035), (169, 0.025968593), (196, 0.025265088), (238, 0.06796453), (291, 0.04735649), (308, 0.031970188), (333, 0.020336665), (352, 0.05530262), (364, 0.030354884), (403, 0.025759533), (577, 0.10619803), (658, 0.06888566), (707, 0.18703523), (727, 0.070896946), (762, 0.03273126), (812, 0.047301892), (869, 0.0135020735), (872, 0.029263642), (883, 0.028389642), (986, 0.03574627)]"
176,2013-02-28T11:47:45+0000,"[(69, 0.022946937), (107, 0.025673112), (238, 0.03211567), (409, 0.018413303), (508, 0.037971836), (515, 0.012698397), (552, 0.02293365), (651, 0.03621424), (673, 0.6526178), (678, 0.016589811), (715, 0.013442159), (723, 0.010493044), (808, 0.018960107), (842, 0.035971), (947, 0.0141080385)]"
177,2012-09-24T21:22:51+0000,"[(138, 0.16074838), (173, 0.13363647), (303, 0.10184188), (328, 0.106049985), (471, 0.0811846), (515, 0.10089853), (520, 0.12364007), (582, 0.09486054), (604, 0.03290839), (931, 0.032292128)]"
178,2015-10-14T18:20:54+0000,"[(999, 0.98884755)]"
179,2012-09-10T00:02:03+0000,"[(122, 0.48005235), (229, 0.08037129), (508, 0.18003884), (885, 0.086406134), (989, 0.085453495)]"
180,2019-06-04T00:48:42+0000,"[(352, 0.99286395)]"
181,2019-03-12T14:43:17+0000,"[(399, 0.9904854)]"
182,2009-07-06T19:41:44+0000,"[(119, 0.29545164), (144, 0.122665115), (320, 0.07698977), (493, 0.1539282), (665, 0.07700158), (741, 0.054776434), (843, 0.07493249), (847, 0.067939356)]"
183,2017-02-03T13:01:52+0000,"[(238, 0.014366158), (320, 0.015227544), (339, 0.06958662), (591, 0.8204404), (651, 0.0738297)]"
184,2017-10-12T11:20:30+0000,
185,2007-03-15T01:22:09+0000,"[(79, 0.022765903), (90, 0.02574243), (138, 0.018640602), (209, 0.63157386), (251, 0.14146762), (414, 0.018165214), (417, 0.03650319), (442, 0.03110683), (487, 0.04420427)]"
186,2012-10-26T04:59:00+0000,"[(367, 0.1713332), (875, 0.8199122)]"
187,2015-03-25T16:57:43+0000,"[(122, 0.018629512), (128, 0.028574504), (159, 0.14654554), (190, 0.06518429), (433, 0.10095413), (442, 0.018099805), (496, 0.039227635), (509, 0.017882712), (515, 0.017320327), (556, 0.09723185), (626, 0.021609183), (652, 0.050133456), (662, 0.022662757), (674, 0.056198776), (700, 0.052442018), (723, 0.060271613), (727, 0.018596975), (741, 0.05110272), (890, 0.08364334), (907, 0.017879738)]"
188,2011-02-18T00:01:57+0000,"[(79, 0.08341154), (82, 0.08204807), (490, 0.08341586), (597, 0.20241079), (753, 0.28314915), (767, 0.090339206), (998, 0.09247163)]"
189,2021-04-19T13:06:24+0000,"[(333, 0.9913878)]"
190,2007-11-14T21:36:16+0000,"[(159, 0.10579334), (215, 0.055085175), (238, 0.20427461), (271, 0.05549421), (277, 0.04681262), (292, 0.091519505), (326, 0.042074714), (572, 0.04511602), (576, 0.099112496), (700, 0.042031072), (707, 0.07859451), (817, 0.091127716)]"
191,2021-07-27T14:17:49+0000,"[(147, 0.7901327), (269, 0.19506375), (971, 0.011110824)]"
192,2015-07-04T15:28:03+0000,"[(119, 0.9947091)]"
193,2020-07-30T16:35:10+0000,"[(884, 0.9962442)]"
194,2014-02-12T14:24:15+0000,"[(354, 0.98717487)]"
195,2012-10-02T13:35:00+0000,"[(59, 0.020925954), (143, 0.019955711), (344, 0.016846409), (445, 0.012042641), (500, 0.82947373), (520, 0.015338247), (767, 0.010093555), (778, 0.01058148), (944, 0.020379381)]"
196,2021-06-17T13:36:06+0000,"[(184, 0.9949544)]"
197,2017-08-04T09:36:11+0000,"[(19, 0.04757609), (31, 0.05553186), (82, 0.029111896), (161, 0.015618267), (194, 0.018197313), (211, 0.08624722), (228, 0.08065618), (229, 0.019998962), (255, 0.13349368), (329, 0.018289277), (442, 0.06078326), (452, 0.0114933895), (536, 0.016135082), (569, 0.084166795), (633, 0.12718913), (665, 0.0882113), (723, 0.019928938), (810, 0.0552277), (812, 0.01681313)]"
198,2018-06-07T15:06:40+0000,"[(673, 0.9881781)]"
199,2012-06-11T16:32:50+0000,"[(4, 0.040033847), (53, 0.060013648), (96, 0.040042516), (147, 0.1452439), (194, 0.029281), (217, 0.08652937), (292, 0.089517996), (332, 0.02945292), (344, 0.04689087), (561, 0.037351377), (609, 0.10598442), (817, 0.092226125), (849, 0.040042404), (882, 0.07037287), (913, 0.047610417)]"
200,2011-01-27T22:45:01+0000,"[(78, 0.13340273), (328, 0.13903037), (329, 0.066733636), (373, 0.18687579), (678, 0.1484917), (700, 0.057781186), (847, 0.066734135), (878, 0.13031545)]"
201,2015-05-09T18:00:00+0000,"[(724, 0.9948409)]"
202,2014-08-25T21:02:12+0000,"[(87, 0.9955401)]"
203,2008-05-07T22:43:32+0000,"[(80, 0.33752087), (90, 0.058387388), (225, 0.116313584), (278, 0.0713259), (614, 0.09050465), (638, 0.047772456), (817, 0.10709229), (938, 0.11596735)]"
204,2018-06-12T12:37:08+0000,"[(69, 0.026232652), (79, 0.027098447), (105, 0.04083582), (169, 0.015117758), (190, 0.0477857), (203, 0.018654233), (217, 0.015226072), (320, 0.06190002), (332, 0.014666241), (442, 0.015419406), (445, 0.11015656), (536, 0.026254885), (603, 0.09151736), (604, 0.021688394), (609, 0.013047562), (724, 0.03813969), (727, 0.109624684), (740, 0.020126758), (820, 0.03637876), (826, 0.18774128), (930, 0.013459432), (950, 0.022856306), (998, 0.0135423355)]"
205,2015-07-24T22:13:30+0000,"[(295, 0.99057525)]"
206,2015-08-24T01:00:15+0000,"[(410, 0.9906947)]"
207,2017-05-28T19:12:49+0000,"[(112, 0.9959056)]"
208,2019-05-13T13:51:01+0000,"[(863, 0.9956564)]"
209,2013-04-17T16:11:36+0000,"[(24, 0.9916636)]"
210,2012-10-02T15:00:00+0000,"[(198, 0.8354678), (203, 0.036381155), (449, 0.026678503), (470, 0.014915484), (565, 0.02041013)]"
211,2014-07-18T12:39:41+0000,"[(4, 0.04621671), (43, 0.13437825), (184, 0.04314107), (223, 0.023456201), (232, 0.025318688), (277, 0.06976693), (293, 0.09303542), (331, 0.029058037), (346, 0.013981389), (387, 0.07902899), (389, 0.047150787), (414, 0.051300492), (508, 0.1512115), (582, 0.049849603), (638, 0.030310975), (762, 0.028863097), (795, 0.04349362), (822, 0.025092069)]"
212,2012-10-03T15:24:00+0000,"[(790, 0.9956937)]"
213,2011-10-27T23:36:57+0000,"[(136, 0.05288062), (210, 0.17053457), (329, 0.075403586), (515, 0.1495058), (539, 0.02844102), (638, 0.17052135), (658, 0.08862038), (669, 0.079745546), (740, 0.11627796), (930, 0.03736335)]"
214,2008-12-02T23:03:21+0000,"[(17, 0.020486908), (91, 0.03942816), (164, 0.020326136), (232, 0.017851356), (378, 0.017875277), (409, 0.10015573), (417, 0.040741496), (420, 0.019519333), (490, 0.017872699), (496, 0.020978829), (515, 0.047197912), (576, 0.0213626), (591, 0.055184454), (603, 0.01939823), (652, 0.11215715), (674, 0.075291626), (710, 0.021599695), (719, 0.12529108), (778, 0.021341791), (826, 0.11886084), (828, 0.049492136)]"
215,2015-06-20T13:53:30+0000,"[(107, 0.9917431)]"
216,2016-03-16T23:11:42+0000,"[(94, 0.07043377), (150, 0.022242775), (159, 0.06406863), (180, 0.08892301), (200, 0.042158995), (209, 0.090205364), (308, 0.1350449), (449, 0.0222445), (454, 0.030442275), (479, 0.02224594), (540, 0.02892881), (618, 0.023923608), (694, 0.022246417), (704, 0.022976859), (740, 0.022694862), (959, 0.26899293)]"
217,2021-03-30T12:27:27+0000,"[(220, 0.9920078)]"
218,2017-12-13T21:31:38+0000,"[(69, 0.06500372), (159, 0.7647052), (293, 0.046540305), (326, 0.06537082), (638, 0.051062018)]"
219,2013-05-14T12:02:00+0000,"[(329, 0.9881069)]"
220,2011-03-31T10:00:22+0000,"[(872, 0.99333215)]"
221,2018-10-31T10:38:22+0000,"[(986, 0.9975751)]"
222,2015-01-16T13:24:27+0000,"[(4, 0.05054623), (107, 0.07814387), (226, 0.16557732), (234, 0.045418035), (422, 0.04351982), (552, 0.15144992), (576, 0.14694464), (735, 0.112192534), (847, 0.08700684), (944, 0.032542665), (993, 0.043653924)]"
223,2019-08-25T19:04:53+0000,"[(343, 0.01114203), (972, 0.97935265)]"
224,2016-06-20T10:00:00+0000,"[(78, 0.9901083)]"
225,2013-03-25T16:49:04+0000,"[(172, 0.07694328), (198, 0.051543135), (199, 0.03646978), (223, 0.0841379), (303, 0.080726594), (322, 0.03336823), (333, 0.04469969), (419, 0.060088016), (488, 0.06670257), (552, 0.21022369), (644, 0.033358946), (658, 0.044436645), (704, 0.0667032), (857, 0.07112002)]"
226,2007-11-20T23:20:17+0000,"[(52, 0.050040077), (293, 0.119088866), (362, 0.044572048), (460, 0.12548588), (539, 0.12091465), (556, 0.08031641), (569, 0.2108565), (678, 0.07771731), (716, 0.0792216), (993, 0.055006035)]"
227,2017-03-28T17:54:40+0000,"[(243, 0.99194336)]"
228,2017-05-30T01:02:20+0000,"[(633, 0.98665184)]"
229,2009-08-07T15:05:40+0000,"[(53, 0.07623745), (94, 0.1341921), (333, 0.07148293), (336, 0.0715019), (387, 0.103987716), (527, 0.09646778), (826, 0.21435721), (900, 0.16090928)]"
230,2012-10-24T12:00:00+0000,"[(190, 0.9954173)]"
231,2013-08-16T17:03:20+0000,"[(172, 0.98712575)]"
232,2016-06-20T15:20:56+0000,"[(139, 0.9933399)]"
233,2008-12-05T02:12:17+0000,"[(964, 0.99194247)]"
234,2011-09-26T22:57:13+0000,"[(184, 0.10923707), (223, 0.060928285), (238, 0.08226659), (343, 0.06455373), (359, 0.06425876), (403, 0.039261784), (495, 0.14399919), (606, 0.18750286), (659, 0.05275026), (700, 0.0965501), (812, 0.032993697), (828, 0.033820555)]"
235,2007-04-20T00:45:20+0000,"[(80, 0.03876688), (123, 0.047681756), (203, 0.17723356), (226, 0.058464725), (329, 0.053860396), (331, 0.039633155), (438, 0.030064492), (625, 0.052900948), (707, 0.12639539), (727, 0.03837117), (737, 0.02631648), (793, 0.14637135), (828, 0.034468282), (890, 0.107934244)]"
236,2012-10-03T12:47:00+0000,"[(466, 0.9952428)]"
237,2008-06-13T15:56:23+0000,"[(487, 0.98956895)]"
238,2012-10-05T17:37:00+0000,"[(376, 0.9899089)]"
239,2015-10-30T06:37:06+0000,"[(8, 0.049897198), (82, 0.040350005), (94, 0.01951016), (111, 0.11604709), (229, 0.011894347), (238, 0.07460708), (278, 0.022241488), (329, 0.03303494), (331, 0.11416572), (361, 0.07333142), (452, 0.09595809), (509, 0.024601286), (569, 0.068862095), (572, 0.13352767), (658, 0.028088344), (689, 0.026614638), (842, 0.048717767)]"
240,2017-03-08T19:54:28+0000,"[(565, 0.99627227)]"
241,2018-06-06T09:53:18+0000,"[(234, 0.99347043)]"
242,2008-01-24T16:35:23+0000,"[(223, 0.043511577), (238, 0.23060383), (255, 0.18821746), (293, 0.09556955), (372, 0.09532479), (452, 0.14614457), (723, 0.089906156), (987, 0.06758861)]"
243,2015-11-24T11:25:41+0000,"[(3, 0.023121817), (161, 0.058020163), (164, 0.028222322), (169, 0.06372019), (293, 0.09539028), (324, 0.06357597), (344, 0.075489424), (466, 0.032026242), (556, 0.024137728), (603, 0.26316673), (606, 0.046436366), (732, 0.062893085), (863, 0.09024326), (934, 0.04632194)]"
244,2017-02-09T10:03:23+0000,"[(879, 0.9847778)]"
245,2016-10-21T12:08:24-0400,"[(628, 0.9961241)]"
246,2020-06-15T11:48:04+0000,"[(180, 0.98889935)]"
247,2012-11-02T18:26:00+0000,"[(779, 0.9942094)]"
248,2018-12-20T13:03:48+0000,"[(890, 0.99699605)]"
249,2010-03-04T17:05:29+0000,"[(75, 0.017510667), (80, 0.31465784), (81, 0.08985625), (90, 0.02205704), (169, 0.0444722), (184, 0.017691044), (308, 0.05079906), (344, 0.017769935), (361, 0.04751334), (372, 0.015740674), (397, 0.08703711), (399, 0.03231723), (443, 0.015999356), (603, 0.015102947), (633, 0.016061688), (651, 0.04106279), (700, 0.023706594), (710, 0.01770712), (801, 0.026667269), (954, 0.033467863), (998, 0.037736423)]"
250,2014-10-02T19:56:18+0000,"[(17, 0.0144111235), (24, 0.033398297), (164, 0.029308952), (238, 0.08042079), (331, 0.06605067), (332, 0.110308476), (387, 0.024269454), (449, 0.013152295), (515, 0.014109965), (530, 0.01629095), (540, 0.02041063), (556, 0.017508836), (609, 0.01558108), (619, 0.02342974), (654, 0.016095119), (658, 0.057780966), (659, 0.019828727), (709, 0.04442741), (739, 0.03950369), (778, 0.035315618), (779, 0.01914975), (820, 0.030698601), (863, 0.015213214), (888, 0.08400657), (953, 0.019591574), (954, 0.06935056), (970, 0.048902206)]"
251,2017-04-11T17:15:00+0000,"[(60, 0.5404772), (143, 0.09340139), (539, 0.04169751), (700, 0.082410716), (739, 0.037902143), (775, 0.16073816)]"
252,2015-04-28T16:56:26+0000,"[(674, 0.9923182)]"
253,2020-01-22T14:26:48+0000,"[(644, 0.9938332)]"
254,2021-03-15T21:39:14+0000,"[(31, 0.9579877), (409, 0.033629525)]"
255,2013-07-15T11:54:10+0000,"[(17, 0.02556529), (19, 0.072453484), (40, 0.027358163), (52, 0.0414822), (81, 0.13533418), (122, 0.06668543), (172, 0.079545036), (320, 0.067788936), (324, 0.07907351), (499, 0.09600641), (552, 0.028365413), (558, 0.04750713), (603, 0.079760484), (679, 0.07349615), (842, 0.02902625), (872, 0.02594847)]"
256,2019-10-15T13:32:12+0000,"[(933, 0.988923)]"
257,2017-11-07T18:52:08+0000,"[(409, 0.9915761)]"
258,2015-08-06T20:00:00+0000,"[(169, 0.01031995), (200, 0.07421556), (203, 0.011526824), (220, 0.012370029), (238, 0.019366264), (328, 0.017833205), (410, 0.023156673), (508, 0.79827315), (691, 0.01174206)]"
259,2013-10-25T22:51:10+0000,"[(122, 0.056810457), (203, 0.04043266), (320, 0.0813566), (337, 0.12825088), (339, 0.12637879), (390, 0.01931901), (452, 0.018869089), (539, 0.06042678), (569, 0.101296805), (572, 0.12620258), (626, 0.03569065), (674, 0.032813206), (737, 0.016619876), (875, 0.10457246), (890, 0.036472555)]"
260,2012-10-03T06:01:00+0000,"[(487, 0.9976042)]"
261,2019-09-24T22:23:26+0000,"[(595, 0.99590933)]"
262,2015-05-13T14:22:33+0000,"[(650, 0.9915874)]"
263,2012-10-03T18:53:00+0000,"[(278, 0.99561304)]"
264,2019-11-25T15:11:21+0000,"[(41, 0.99635386)]"
265,2016-03-10T01:36:05+0000,"[(493, 0.018998008), (509, 0.9633888)]"
266,2018-01-11T13:51:04+0000,"[(43, 0.019821772), (60, 0.027916547), (123, 0.042394537), (144, 0.032738723), (320, 0.06637474), (515, 0.026581675), (536, 0.028911076), (552, 0.030271724), (565, 0.014290131), (603, 0.08180739), (673, 0.02904598), (707, 0.0148173375), (824, 0.039378393), (869, 0.017406449), (883, 0.22062366), (907, 0.10366385), (913, 0.046681166), (928, 0.031339042), (968, 0.08668994), (998, 0.026348421)]"
267,2010-09-07T21:44:38+0000,"[(552, 0.9910847)]"
268,2010-10-08T14:47:13+0000,"[(40, 0.041463714), (161, 0.056555737), (181, 0.113983616), (184, 0.09030094), (210, 0.054508086), (515, 0.14277436), (518, 0.09491862), (604, 0.08538795), (656, 0.044402465), (660, 0.04417613), (707, 0.08686952), (778, 0.04190061), (907, 0.064791076)]"
269,2010-08-19T19:18:53+0000,"[(80, 0.056272693), (238, 0.15039635), (255, 0.064295344), (440, 0.1000575), (518, 0.053079005), (569, 0.31703), (606, 0.07142015), (741, 0.038422674), (954, 0.049479302), (993, 0.050041057)]"
270,2007-11-06T14:57:02+0000,"[(64, 0.1538169), (308, 0.05886814), (331, 0.105430536), (336, 0.052605037), (372, 0.11335389), (572, 0.058879584), (651, 0.06360941), (689, 0.1622464), (706, 0.054094706), (845, 0.11769789)]"
271,2012-05-17T17:04:05+0000,"[(16, 0.1651999), (223, 0.034934666), (308, 0.18945591), (333, 0.06672881), (419, 0.13339856), (490, 0.066731654), (552, 0.06671761), (724, 0.077355795), (739, 0.13340427)]"
272,2015-01-26T22:47:26+0000,"[(238, 0.030166736), (582, 0.01913387), (754, 0.9462877)]"
273,2011-10-07T15:00:51+0000,"[(271, 0.9959716)]"
274,2015-09-28T00:19:46+0000,"[(69, 0.048826527), (107, 0.029974332), (211, 0.018292127), (255, 0.08109792), (282, 0.07634982), (303, 0.023302335), (326, 0.02036618), (361, 0.018872324), (493, 0.021423098), (496, 0.1507407), (527, 0.07212307), (530, 0.09872268), (558, 0.19673672), (576, 0.016146397), (582, 0.04375424), (665, 0.010143928), (944, 0.01634382), (987, 0.041192915)]"
275,2020-02-06T16:28:31+0000,"[(923, 0.9962324)]"
276,2014-01-26T18:36:10+0000,"[(828, 0.997159)]"
277,2008-12-29T17:43:45+0000,"[(79, 0.9875123)]"
278,2010-02-23T21:03:25+0000,"[(603, 0.9959795)]"
279,2012-10-01T13:55:00+0000,"[(2, 0.14667115), (80, 0.017031536), (142, 0.055674013), (143, 0.06525389), (203, 0.020188687), (215, 0.13921478), (238, 0.12110806), (391, 0.042636476), (438, 0.034119073), (449, 0.016226023), (597, 0.022631343), (618, 0.041980162), (619, 0.09010813), (652, 0.041242648), (673, 0.02873209), (674, 0.026112262), (801, 0.03686899), (884, 0.017756008), (892, 0.01938531)]"
280,2014-01-20T14:00:00+0000,"[(16, 0.043472327), (128, 0.070213035), (211, 0.02596296), (328, 0.050441265), (339, 0.12082271), (376, 0.030211037), (387, 0.12029889), (500, 0.039262425), (520, 0.09304449), (609, 0.048505925), (626, 0.12779498), (753, 0.021049166), (968, 0.111172944), (986, 0.05175807), (991, 0.023476465)]"
281,2012-10-01T20:06:00+0000,
282,2020-03-31T09:50:29+0000,"[(255, 0.9964698)]"
283,2007-10-03T03:48:34+0000,"[(464, 0.9914614)]"
284,2019-05-31T11:55:17+0000,"[(337, 0.94478816), (339, 0.031808496), (651, 0.020553526)]"
285,2020-01-27T22:17:55+0000,"[(69, 0.017236117), (159, 0.09303268), (194, 0.015960013), (238, 0.011459511), (255, 0.023430105), (328, 0.045341123), (409, 0.016238159), (508, 0.018170293), (515, 0.025200956), (572, 0.015730862), (603, 0.020997837), (739, 0.014424683), (762, 0.012706242), (781, 0.45460403), (847, 0.055970993), (959, 0.08855883)]"
286,2010-05-19T02:19:35+0000,"[(15, 0.82533294), (845, 0.16768767)]"
287,2012-11-01T15:59:00+0000,"[(965, 0.99552006)]"
288,2020-11-18T20:48:46+0000,"[(320, 0.9923928)]"
289,2016-01-20T00:00:00+0000,"[(119, 0.9930515)]"
290,2012-08-30T19:26:04+0000,"[(138, 0.24205421), (217, 0.37512738), (614, 0.12511007), (810, 0.12835824)]"
291,2020-05-04T17:58:29+0000,"[(31, 0.022504888), (40, 0.018707927), (82, 0.04144445), (107, 0.06425564), (138, 0.05023457), (194, 0.04710083), (200, 0.16531655), (226, 0.050987825), (255, 0.039844375), (361, 0.04871388), (411, 0.016964123), (619, 0.027380897), (652, 0.017822621), (673, 0.12976262), (753, 0.019047545), (790, 0.056525264), (793, 0.030230558), (875, 0.11577711), (972, 0.020747315)]"
292,2007-02-16T15:23:11+0000,"[(133, 0.041714814), (136, 0.09736523), (232, 0.15625145), (237, 0.04169874), (385, 0.08339181), (603, 0.06466597), (671, 0.12159785), (754, 0.044599287), (875, 0.045633055), (907, 0.16353092), (994, 0.05665449), (999, 0.041710664)]"
293,2019-02-08T08:57:19+0000,"[(128, 0.99020463)]"
294,2018-04-11T08:43:15+0000,"[(16, 0.10236824), (48, 0.032756776), (94, 0.11313642), (123, 0.019901775), (177, 0.020598168), (237, 0.060851432), (320, 0.16071142), (333, 0.070009865), (544, 0.047150567), (597, 0.021581994), (707, 0.2897849), (801, 0.04177285)]"
295,2012-10-26T10:24:05+0000,"[(79, 0.10573197), (172, 0.052451637), (277, 0.11595769), (324, 0.047283247), (660, 0.3249229), (662, 0.04410841), (739, 0.22109807), (998, 0.045312062)]"
296,2009-04-20T13:19:42+0000,"[(520, 0.084645905), (539, 0.15391432), (626, 0.15347399), (662, 0.07700001), (700, 0.0770027), (820, 0.37614983)]"
297,2019-10-24T11:48:02+0000,"[(968, 0.99654937)]"
298,2017-07-10T12:01:16+0000,"[(52, 0.9885107)]"
299,2012-10-10T09:45:00+0000,"[(696, 0.9974117)]"
300,2010-07-08T21:47:16+0000,"[(17, 0.08876944), (53, 0.07346268), (79, 0.14508776), (211, 0.064778484), (414, 0.13712029), (606, 0.09176216), (638, 0.11652942), (769, 0.1492371), (875, 0.058505856), (989, 0.039387178)]"
301,2007-09-04T17:47:18+0000,"[(237, 0.49731725), (278, 0.035608724), (328, 0.036719635), (490, 0.26080236), (527, 0.04868097), (565, 0.014222623), (752, 0.011412503), (775, 0.02251537), (907, 0.033948272), (955, 0.012904746)]"
302,2011-06-19T12:04:23+0000,"[(710, 0.9928286)]"
303,2021-03-15T01:03:39+0000,"[(824, 0.99441886)]"
304,2019-09-19T14:35:24+0000,"[(3, 0.034350287), (190, 0.07175922), (226, 0.0375516), (230, 0.12603252), (278, 0.04201545), (339, 0.031149471), (361, 0.08463251), (385, 0.0145733915), (414, 0.025215112), (495, 0.01777124), (556, 0.097371064), (631, 0.03697387), (638, 0.08220522), (727, 0.042119592), (740, 0.017040135), (863, 0.2050309), (991, 0.018844929)]"
305,2010-07-19T21:52:34+0000,"[(454, 0.13912866), (487, 0.14930393), (569, 0.32654646), (654, 0.26051444)]"
306,2019-07-10T07:51:02-0400,"[(79, 0.023270283), (445, 0.020805921), (508, 0.13870996), (518, 0.023780832), (544, 0.031092208), (597, 0.057818964), (666, 0.022360379), (710, 0.034605786), (715, 0.04953346), (727, 0.019624988), (753, 0.022047257), (861, 0.018218026), (869, 0.0495834), (897, 0.20102909), (922, 0.10443537), (929, 0.045939703), (934, 0.061985742), (947, 0.020249877), (968, 0.026193168)]"
307,2017-11-20T16:17:49+0000,"[(69, 0.07770079), (421, 0.79862404), (842, 0.11363765)]"
308,2017-12-07T22:02:15+0000,"[(53, 0.022231612), (111, 0.08915463), (167, 0.032770693), (223, 0.025465209), (228, 0.085792094), (399, 0.043262757), (421, 0.027364058), (442, 0.034046248), (443, 0.24514389), (445, 0.024827482), (515, 0.10054669), (582, 0.021473367), (631, 0.06587556), (706, 0.039229978), (822, 0.0647942), (843, 0.016238082), (875, 0.022566633), (882, 0.019957153)]"
309,2012-06-22T15:47:01+0000,"[(10, 0.24091084), (64, 0.020840408), (138, 0.01665377), (171, 0.04110403), (331, 0.09410647), (337, 0.07025655), (633, 0.016682148), (651, 0.03904303), (652, 0.111864224), (662, 0.032401547), (678, 0.09976375), (752, 0.026660413), (753, 0.061421618), (842, 0.0656658), (934, 0.01705901), (954, 0.02190733)]"
310,2006-12-26T17:43:11+0000,"[(691, 0.99371684)]"
311,2011-02-17T22:45:28+0000,"[(80, 0.023603776), (94, 0.018411234), (255, 0.1050107), (277, 0.0325843), (328, 0.055079464), (329, 0.06953127), (331, 0.015224352), (359, 0.030170368), (380, 0.016708363), (442, 0.088517316), (552, 0.0736912), (569, 0.07174916), (669, 0.063978195), (689, 0.05185044), (715, 0.06281612), (737, 0.09226816), (796, 0.017590992), (900, 0.053235255), (953, 0.04435151)]"
312,2017-03-09T13:53:00+0000,"[(119, 0.024158), (136, 0.06099197), (177, 0.025969284), (190, 0.044620562), (220, 0.025644768), (282, 0.09499438), (340, 0.14781423), (342, 0.024304118), (373, 0.06150249), (403, 0.08714016), (410, 0.10144542), (470, 0.02517455), (651, 0.05937184), (681, 0.021891976), (741, 0.060951024), (754, 0.04610807), (892, 0.023550266), (938, 0.022136925), (954, 0.021225816)]"
313,2010-11-08T18:36:52+0000,"[(86, 0.12505645), (144, 0.13086113), (238, 0.062384102), (290, 0.08150435), (658, 0.1522547), (923, 0.13940088), (965, 0.24486586)]"
314,2017-07-24T05:14:30+0000,"[(719, 0.9891411)]"
315,2015-12-27T21:25:25+0000,"[(78, 0.029570276), (143, 0.06174142), (144, 0.031812944), (169, 0.05893566), (326, 0.06577186), (352, 0.021141004), (430, 0.0907397), (443, 0.08084192), (445, 0.04891442), (499, 0.035249375), (582, 0.017386856), (587, 0.015168615), (658, 0.017351743), (674, 0.059717204), (732, 0.018920384), (843, 0.013843487), (923, 0.02885444), (928, 0.17279254), (929, 0.018157037), (930, 0.03390823), (965, 0.029272318), (994, 0.035087068)]"
316,2019-04-30T17:14:38+0000,"[(989, 0.994742)]"
317,2011-07-06T15:46:48+0000,"[(953, 0.9890638)]"
318,2013-10-22T20:40:32+0000,"[(81, 0.10716479), (172, 0.023463035), (194, 0.02313011), (218, 0.024052966), (303, 0.109480605), (324, 0.026793119), (362, 0.109754995), (410, 0.049036585), (430, 0.045086473), (471, 0.035509378), (530, 0.02862646), (558, 0.1473858), (703, 0.09850138), (739, 0.022734083), (812, 0.09770813), (888, 0.029202385)]"
319,2014-08-18T13:35:18+0000,"[(24, 0.08094661), (169, 0.043386757), (211, 0.020590235), (220, 0.024701105), (269, 0.02439917), (324, 0.04742049), (326, 0.0152459005), (331, 0.047263548), (362, 0.017036764), (373, 0.13907686), (421, 0.019393042), (487, 0.061422374), (604, 0.02987515), (674, 0.013681413), (706, 0.012852374), (724, 0.01986378), (735, 0.05326324), (817, 0.03024407), (826, 0.04580525), (842, 0.06489094), (897, 0.041193377), (913, 0.015013071), (944, 0.012657682), (954, 0.0933653), (991, 0.014064285)]"
320,2008-05-27T23:10:21+0000,"[(161, 0.05035179), (226, 0.041974686), (282, 0.23658493), (417, 0.04194188), (509, 0.05317378), (572, 0.28149664), (583, 0.09655432), (618, 0.10203349), (892, 0.054592505)]"
321,2017-04-06T22:33:07+0000,"[(194, 0.019797783), (238, 0.02273865), (364, 0.041907262), (367, 0.012046223), (373, 0.014085644), (376, 0.032799494), (414, 0.057486806), (565, 0.051673148), (569, 0.022123424), (618, 0.018554732), (651, 0.070771925), (654, 0.4724092), (740, 0.01519252), (795, 0.015744423), (842, 0.09267586), (998, 0.015883163)]"
322,2020-06-26T17:59:23+0000,"[(470, 0.99669194)]"
323,2013-10-04T22:11:11+0000,"[(531, 0.98851705)]"
324,2015-03-20T16:55:45+0000,"[(64, 0.37720636), (87, 0.115123615), (223, 0.05850056), (238, 0.019318141), (597, 0.083361596), (691, 0.14254637), (700, 0.07704908), (741, 0.08873723)]"
325,2006-12-04T19:51:48+0000,"[(527, 0.9900095)]"
326,2009-09-15T09:05:26+0000,"[(390, 0.9910302)]"
327,2013-09-25T06:05:37+0000,"[(372, 0.4752103), (421, 0.015020177), (508, 0.045149185), (569, 0.017192954), (618, 0.399064), (673, 0.012809323), (689, 0.013948959), (723, 0.011067675)]"
328,2007-10-29T20:28:20+0000,"[(107, 0.020870809), (177, 0.08341339), (215, 0.016998306), (238, 0.1667533), (716, 0.08340439), (820, 0.20329691), (986, 0.34250486)]"
329,2020-08-03T06:12:49+0000,"[(16, 0.09901414), (94, 0.052976843), (167, 0.0896996), (182, 0.030950878), (328, 0.021445677), (359, 0.057811398), (445, 0.020523021), (499, 0.01969736), (643, 0.06334172), (659, 0.066972144), (727, 0.10939712), (817, 0.018790625), (861, 0.010942344), (882, 0.020923624), (907, 0.13641587), (950, 0.05303545), (954, 0.0185499), (991, 0.092865326)]"
330,2019-11-08T17:58:48+0000,"[(339, 0.99673295)]"
331,2019-08-22T12:51:36+0000,"[(2, 0.8713559), (16, 0.01941078), (376, 0.012751768), (487, 0.0152103845), (762, 0.042838287)]"
332,2020-04-08T16:59:29+0000,"[(16, 0.9514793), (537, 0.043520495)]"
333,2010-08-04T17:41:20+0000,"[(769, 0.99187785)]"
334,2019-09-05T05:34:44+0000,"[(238, 0.026715294), (527, 0.011902238), (822, 0.9363384)]"
335,2018-03-23T01:29:13+0000,"[(530, 0.76275), (795, 0.035304017), (928, 0.19021362)]"
336,2010-02-03T17:47:30+0000,"[(59, 0.07956276), (111, 0.09771192), (317, 0.11964478), (386, 0.27607635), (403, 0.09407077), (654, 0.2500892)]"
337,2017-02-14T14:00:00+0000,"[(972, 0.99254435)]"
338,2016-09-25T08:07:18+0000,"[(934, 0.9939818)]"
339,2015-09-21T17:27:37+0000,"[(138, 0.051207606), (194, 0.07314818), (308, 0.024355473), (320, 0.064497806), (339, 0.13385688), (417, 0.06925133), (433, 0.23455615), (518, 0.09017939), (544, 0.07798534), (676, 0.070687644), (778, 0.027978104), (779, 0.033277813), (790, 0.024692262)]"
340,2016-03-08T15:08:24+0000,"[(40, 0.17637165), (53, 0.022128714), (199, 0.032930333), (238, 0.07438557), (251, 0.03216821), (387, 0.042587183), (438, 0.023984995), (520, 0.07241043), (604, 0.022229502), (619, 0.053409994), (628, 0.054536983), (673, 0.03881605), (715, 0.024582585), (716, 0.021297896), (723, 0.032070637), (766, 0.021934245), (812, 0.021292562), (826, 0.09310195), (883, 0.050714105), (991, 0.06752291)]"
341,2019-08-21T10:57:38+0000,"[(211, 0.9948487)]"
342,2011-08-28T02:22:08+0000,"[(52, 0.06316677), (214, 0.22387755), (479, 0.058882054), (515, 0.058882657), (828, 0.36019483), (913, 0.058881395), (972, 0.1175993)]"
343,2019-05-05T15:00:39+0000,"[(60, 0.058084298), (223, 0.036166675), (238, 0.051648), (242, 0.026017979), (255, 0.021168401), (317, 0.03292377), (336, 0.0111955935), (376, 0.0602656), (490, 0.02017999), (496, 0.08568937), (582, 0.024823433), (654, 0.106036395), (679, 0.2041013), (781, 0.019405488), (828, 0.0948536), (989, 0.041548904), (998, 0.088939376)]"
344,2008-06-26T12:05:08+0000,"[(79, 0.028758662), (80, 0.1596419), (199, 0.06455523), (209, 0.024623549), (214, 0.024439694), (243, 0.02712543), (271, 0.08347688), (344, 0.06629187), (352, 0.06271663), (354, 0.03667762), (460, 0.028980924), (518, 0.024189312), (650, 0.09826316), (842, 0.02235439), (890, 0.048470754), (907, 0.15146929), (953, 0.025976863)]"
345,2014-11-25T19:08:51+0000,"[(324, 0.9937319)]"
346,2015-07-29T07:59:52+0000,"[(69, 0.09689156), (354, 0.041813068), (376, 0.082907565), (387, 0.13315783), (582, 0.03447312), (633, 0.09612935), (715, 0.087888785), (737, 0.1559886), (756, 0.18877797), (991, 0.043887414)]"
347,2012-12-12T18:09:32+0000,"[(938, 0.99526525)]"
348,2020-01-15T15:33:43+0000,"[(210, 0.9966576)]"
349,2009-02-18T05:06:58+0000,"[(998, 0.9883104)]"
350,2021-08-29T10:32:53+0000,"[(364, 0.96959114), (658, 0.026703252)]"
351,2020-12-28T20:11:50+0000,"[(53, 0.9905751)]"
352,2020-06-12T18:05:28+0000,"[(689, 0.99027556)]"
353,2020-12-30T14:34:13+0000,"[(251, 0.9925937)]"
354,2012-10-12T09:55:00+0000,"[(56, 0.042462047), (172, 0.04823754), (238, 0.12377048), (479, 0.021760702), (527, 0.046902005), (569, 0.11578158), (591, 0.16743578), (689, 0.11846186), (808, 0.031114226), (842, 0.18457264), (845, 0.028282559), (897, 0.049023602)]"
355,2014-06-03T16:15:52+0000,"[(766, 0.99379313)]"
356,2015-04-10T17:18:57+0000,"[(177, 0.03263061), (210, 0.016789066), (243, 0.016644346), (331, 0.021234129), (333, 0.042331494), (337, 0.057680517), (339, 0.098264605), (442, 0.040242255), (518, 0.044044502), (520, 0.117233075), (603, 0.020534728), (652, 0.016030045), (669, 0.42890024), (779, 0.03226861)]"
357,2017-09-20T10:05:17+0000,"[(326, 0.9897008)]"
358,2008-06-09T16:46:43+0000,"[(801, 0.9916748)]"
359,2015-01-21T12:09:21+0000,"[(41, 0.13728072), (107, 0.04210129), (177, 0.033353265), (326, 0.1308624), (328, 0.040705767), (462, 0.03337102), (508, 0.04272397), (631, 0.15637997), (638, 0.18774776), (882, 0.0360146), (968, 0.12648684)]"
360,2012-08-20T16:06:23+0000,"[(19, 0.05130809), (24, 0.08600645), (69, 0.04199525), (198, 0.046569765), (223, 0.059977375), (229, 0.06309784), (235, 0.025666129), (386, 0.039581753), (515, 0.02837943), (696, 0.025968596), (710, 0.15820931), (822, 0.104723535), (824, 0.07684451), (872, 0.1234665), (884, 0.042943187)]"
361,2012-02-15T17:46:35+0000,"[(65, 0.01974538), (80, 0.07506558), (82, 0.060129214), (90, 0.04685542), (136, 0.0757113), (164, 0.023856614), (171, 0.06294089), (215, 0.05996605), (220, 0.040341534), (242, 0.057611566), (328, 0.020393096), (329, 0.021418493), (333, 0.03975677), (340, 0.020429807), (359, 0.1016587), (609, 0.040360555), (651, 0.03100056), (767, 0.01888889), (778, 0.027901128), (828, 0.021438256), (863, 0.023344643), (934, 0.055788923), (944, 0.037945442)]"
362,2015-10-20T03:43:50+0000,"[(122, 0.99064577)]"
363,2016-09-19T21:25:36+0000,"[(290, 0.9912364)]"
364,2013-07-17T20:28:49+0000,"[(169, 0.9952652)]"
365,2012-10-11T15:00:00+0000,"[(944, 0.98838353)]"
366,2012-10-13T15:31:00+0000,"[(43, 0.01899262), (69, 0.01622343), (75, 0.033846915), (81, 0.05421187), (94, 0.02969219), (107, 0.057338238), (119, 0.048043903), (142, 0.013232438), (223, 0.018500093), (278, 0.033482946), (292, 0.033270173), (344, 0.04528328), (352, 0.02011531), (414, 0.03699191), (430, 0.19158655), (509, 0.017322399), (536, 0.01581507), (643, 0.040542305), (652, 0.018104978), (654, 0.018403849), (696, 0.13023306), (740, 0.01714689), (779, 0.034240834), (954, 0.022050897), (986, 0.01774952)]"
367,2021-08-19T23:04:30+0000,"[(225, 0.9952154)]"
368,2018-11-05T17:18:36+0000,"[(390, 0.99481845)]"
369,2019-06-13T11:35:05+0000,"[(723, 0.99083465)]"
370,2017-03-13T09:36:18+0000,"[(778, 0.993535)]"
371,2019-06-27T10:10:06+0000,
372,2012-10-25T22:00:00+0000,
373,2018-08-09T16:12:11+0000,"[(795, 0.9931573)]"
374,2016-12-07T14:17:33+0000,"[(740, 0.99301386)]"
375,2010-03-03T23:03:07+0000,"[(94, 0.1259168), (169, 0.117140375), (172, 0.015880268), (200, 0.13095282), (203, 0.15531534), (210, 0.10005255), (662, 0.0751504), (669, 0.14039834), (872, 0.08963646)]"
376,2007-05-09T00:39:49+0000,"[(539, 0.9919568)]"
377,2008-03-05T23:11:17+0000,"[(308, 0.9883835)]"
378,2013-12-06T21:19:27+0000,"[(69, 0.9892267)]"
379,2019-06-30T22:02:53+0000,"[(454, 0.9928748)]"
380,2016-09-28T13:23:00+0000,"[(75, 0.9890218)]"
381,2017-10-09T13:00:00+0000,"[(10, 0.01890013), (17, 0.041835092), (123, 0.0738899), (143, 0.04143684), (173, 0.01695951), (184, 0.04778213), (194, 0.019820688), (223, 0.020883616), (229, 0.07290772), (340, 0.037641626), (362, 0.018083809), (373, 0.010160186), (419, 0.020088708), (530, 0.018571738), (644, 0.01924113), (676, 0.033713054), (753, 0.021937937), (824, 0.01771913), (913, 0.07338305), (934, 0.033429444), (991, 0.32529038)]"
382,2007-03-08T17:48:36+0000,"[(452, 0.98980594)]"
383,2014-04-22T21:42:27+0000,"[(336, 0.10436832), (778, 0.8866401)]"
384,2008-10-22T20:53:13+0000,"[(169, 0.8873722), (200, 0.10115094)]"
385,2012-05-25T09:28:57+0000,"[(232, 0.09759231), (387, 0.05502637), (582, 0.102579705), (595, 0.23003966), (633, 0.055611808), (689, 0.05560951), (754, 0.025607081), (826, 0.16211094), (838, 0.16076237)]"
386,2010-07-08T17:36:53+0000,"[(389, 0.058281567), (642, 0.9331489)]"
387,2015-08-10T16:22:16+0000,"[(159, 0.47484028), (238, 0.011915155), (271, 0.011789382), (387, 0.01421645), (414, 0.011887465), (515, 0.011636614), (552, 0.0144161675), (561, 0.013820922), (700, 0.06850547), (762, 0.014110114), (820, 0.013514539), (907, 0.03348755), (998, 0.010044666)]"
388,2019-01-08T15:36:11+0000,"[(892, 0.9893133)]"
389,2019-08-01T15:40:24+0000,"[(43, 0.99290514)]"
390,2019-08-09T05:51:49+0000,"[(200, 0.037368402), (354, 0.14292862), (380, 0.081584446), (520, 0.07149613), (552, 0.2721374), (582, 0.07148273), (795, 0.2520695)]"
391,2013-08-12T15:06:00+0000,"[(43, 0.10880049), (60, 0.030130783), (199, 0.024565648), (308, 0.046494894), (414, 0.03210146), (419, 0.031850576), (444, 0.05408507), (487, 0.05844897), (506, 0.027036851), (527, 0.10525199), (531, 0.108148836), (537, 0.027449625), (652, 0.16308057), (808, 0.074127354), (826, 0.027736114), (843, 0.054091074)]"
392,2017-08-11T17:29:18+0000,"[(417, 0.9907498)]"
393,2008-06-02T17:09:39+0000,"[(293, 0.9947063)]"
394,2014-05-24T13:51:32+0000,"[(190, 0.19092067), (218, 0.05561047), (291, 0.056830697), (303, 0.055561297), (351, 0.057423115), (354, 0.0857742), (462, 0.055622343), (867, 0.2470053), (869, 0.1386084)]"
395,2010-03-05T08:30:05+0000,"[(238, 0.01971042), (282, 0.9774702)]"
396,2012-10-11T06:41:00+0000,"[(24, 0.0120494515), (111, 0.013963998), (144, 0.020495463), (223, 0.011314355), (255, 0.02352107), (362, 0.7271012), (403, 0.010264204), (443, 0.011927391), (527, 0.024749178), (609, 0.014220805), (812, 0.010412118), (883, 0.01889606), (928, 0.016080996)]"
397,2015-10-22T10:53:20+0000,"[(24, 0.02791686), (41, 0.16080989), (91, 0.050821703), (196, 0.17070934), (217, 0.097811624), (354, 0.027786868), (362, 0.031015506), (597, 0.027737519), (651, 0.15323819), (660, 0.028052438), (703, 0.027594177), (838, 0.042527225), (890, 0.03429918), (892, 0.03150044), (950, 0.029193303), (991, 0.03326502)]"
398,2010-03-19T17:05:37+0000,"[(24, 0.14239842), (87, 0.03771043), (143, 0.07288519), (172, 0.03125302), (203, 0.10257134), (292, 0.030660484), (295, 0.056320325), (308, 0.034029443), (488, 0.021344934), (496, 0.057585437), (518, 0.044400807), (561, 0.03949923), (582, 0.015864024), (609, 0.015015671), (652, 0.0841102), (674, 0.025512459), (691, 0.014699549), (762, 0.10737071), (781, 0.023208579), (812, 0.029753892)]"
399,2016-11-11T10:52:01+0000,"[(779, 0.9943556)]"
400,2014-04-23T08:50:41+0000,"[(409, 0.8820431), (678, 0.07069756), (888, 0.04110645)]"
401,2014-08-26T22:34:36+0000,"[(16, 0.03956449), (109, 0.018886881), (172, 0.018980682), (234, 0.023609167), (238, 0.021536669), (295, 0.021311127), (372, 0.024842838), (373, 0.084410086), (385, 0.018679354), (386, 0.027386688), (471, 0.020193521), (558, 0.019663524), (597, 0.075724915), (603, 0.054556116), (626, 0.26749945), (654, 0.041177057), (673, 0.025786174), (707, 0.03576175), (739, 0.019049812), (756, 0.022834241), (907, 0.026216462), (929, 0.019855928), (934, 0.01940058), (994, 0.034651566)]"
402,2014-12-03T03:49:43+0000,"[(496, 0.99338394)]"
403,2017-07-19T05:07:43+0000,"[(31, 0.10977276), (220, 0.017320449), (324, 0.04032589), (329, 0.030080453), (361, 0.03679317), (403, 0.022407312), (414, 0.054390576), (417, 0.04552921), (460, 0.027502917), (493, 0.011708875), (520, 0.029000167), (576, 0.059813127), (603, 0.03824443), (606, 0.11693848), (625, 0.036836486), (651, 0.017497975), (676, 0.06961192), (779, 0.086625844), (890, 0.06714933), (968, 0.0587992)]"
404,2012-07-26T17:14:23+0000,"[(75, 0.07282592), (194, 0.09096722), (308, 0.053728215), (389, 0.054325644), (421, 0.04544679), (508, 0.14018345), (561, 0.021224478), (625, 0.11553432), (626, 0.051146265), (644, 0.17321315), (931, 0.13643849)]"
405,2020-04-23T13:45:44+0000,"[(2, 0.09357838), (53, 0.149187), (91, 0.025855081), (177, 0.03363908), (324, 0.11274927), (336, 0.124381185), (490, 0.036485888), (493, 0.13231358), (709, 0.026668975), (726, 0.025665343), (817, 0.08746645), (972, 0.12667193)]"
406,2014-03-10T22:01:33+0000,"[(544, 0.994052)]"
407,2018-04-24T18:00:00+0000,"[(403, 0.99236995)]"
408,2012-10-01T20:37:00+0000,
409,2015-12-29T12:57:26-0500,"[(130, 0.13312776), (242, 0.015990976), (339, 0.012702011), (399, 0.01263084), (419, 0.01136719), (565, 0.010410126), (609, 0.015858985), (644, 0.019296616), (658, 0.010410545), (710, 0.017236128), (752, 0.010147762), (798, 0.010714363), (822, 0.5063462), (883, 0.021451375), (907, 0.01887973), (934, 0.012788371), (954, 0.01463342), (994, 0.02615777)]"
410,2011-06-30T17:01:00+0000,"[(59, 0.058884587), (293, 0.06848456), (679, 0.21461135), (741, 0.058880337), (779, 0.2605689), (907, 0.27889505)]"
411,2014-07-03T18:43:22+0000,"[(950, 0.9946289)]"
412,2013-11-22T15:59:24+0000,"[(17, 0.051909003), (161, 0.019685412), (173, 0.015813539), (190, 0.07120445), (200, 0.022124304), (217, 0.020345291), (220, 0.055492874), (232, 0.04975167), (326, 0.036573112), (354, 0.03087816), (508, 0.16481556), (565, 0.029773004), (606, 0.019101605), (666, 0.122836284), (716, 0.029772734), (762, 0.05237815), (820, 0.029810727), (991, 0.163073)]"
413,2017-12-01T03:21:36+0000,"[(812, 0.99020565)]"
414,2008-01-03T20:09:35+0000,"[(80, 0.021472553), (122, 0.029433073), (344, 0.022162361), (378, 0.08299229), (397, 0.05455298), (438, 0.023802178), (487, 0.04315406), (488, 0.020852925), (530, 0.02441822), (656, 0.022014983), (696, 0.13596918), (716, 0.030842135), (724, 0.09662676), (735, 0.102556005), (820, 0.039400995), (842, 0.17219885), (913, 0.03320942), (965, 0.02294077)]"
415,2016-12-06T20:22:56+0000,"[(17, 0.99000233)]"
416,2012-10-01T08:45:00+0000,"[(342, 0.99441874)]"
417,2013-09-26T20:38:39+0000,"[(947, 0.99237394)]"
418,2015-06-12T16:25:15+0000,"[(954, 0.993833)]"
419,2014-03-19T13:33:33+0000,"[(69, 0.107272744), (328, 0.1092254), (367, 0.07143472), (378, 0.07506576), (438, 0.01921739), (442, 0.01628884), (460, 0.09478218), (638, 0.026399093), (658, 0.02115578), (673, 0.09064436), (706, 0.092880905), (735, 0.020629074), (781, 0.065755926), (934, 0.02725621), (943, 0.044580404), (953, 0.082744576), (972, 0.019489367)]"
420,2014-09-13T07:37:39+0000,"[(51, 0.9662438), (144, 0.011401689), (930, 0.017392622)]"
421,2015-01-08T15:44:21+0000,"[(913, 0.98718816)]"
422,2011-08-19T16:24:06+0000,"[(69, 0.048873574), (91, 0.059001595), (105, 0.0722202), (194, 0.025655312), (203, 0.079606116), (329, 0.02801665), (430, 0.045379158), (527, 0.09213013), (583, 0.0389428), (603, 0.032858998), (643, 0.032060247), (658, 0.034979183), (739, 0.09224752), (779, 0.049670972), (781, 0.1425164), (972, 0.10060584)]"
423,2017-06-16T19:38:48+0000,"[(488, 0.0910027), (609, 0.09100361), (618, 0.17835502), (662, 0.181922), (696, 0.26562294), (704, 0.09100129), (928, 0.010810432)]"
424,2016-03-04T12:09:11-0500,"[(515, 0.05123935), (518, 0.012202435), (609, 0.026464188), (828, 0.8974807)]"
425,2009-03-13T19:48:28+0000,"[(391, 0.99066263)]"
426,2017-11-06T11:45:48+0000,"[(583, 0.98937213)]"
427,2018-12-07T23:13:54+0000,"[(626, 0.9899208)]"
428,2014-06-13T17:18:45+0000,"[(122, 0.036475692), (130, 0.020678379), (138, 0.14889157), (139, 0.015936501), (167, 0.019856256), (177, 0.024842143), (225, 0.079169504), (329, 0.051630717), (409, 0.016511224), (417, 0.017464334), (443, 0.09219787), (471, 0.023166856), (509, 0.060809985), (527, 0.033164125), (619, 0.013438782), (651, 0.05003434), (715, 0.26698744), (847, 0.014507918)]"
429,2016-05-18T19:00:03+0000,"[(69, 0.04257727), (238, 0.109645136), (291, 0.12315899), (324, 0.015110423), (372, 0.018713467), (378, 0.014229666), (454, 0.06685336), (460, 0.052401584), (508, 0.19639097), (536, 0.04233016), (626, 0.02065699), (671, 0.06681947), (689, 0.061830644), (710, 0.016256584), (842, 0.122041635), (994, 0.016720355)]"
430,2007-07-19T00:41:29+0000,"[(52, 0.07870143), (75, 0.01948669), (81, 0.023672694), (220, 0.018939428), (232, 0.11298879), (234, 0.14529851), (328, 0.053158704), (331, 0.018985663), (387, 0.037820164), (421, 0.13299975), (430, 0.051944382), (445, 0.018018087), (462, 0.017878724), (609, 0.027173959), (625, 0.036010403), (658, 0.09116299), (703, 0.017868971), (740, 0.019800136), (762, 0.020307466), (820, 0.020061875), (938, 0.020229068)]"
431,2016-09-22T14:06:44+0000,"[(180, 0.043197673), (399, 0.0641673), (515, 0.051202215), (573, 0.04004162), (700, 0.016399968), (707, 0.038754858), (724, 0.2583114), (727, 0.21076009), (753, 0.04256538), (820, 0.08260249), (989, 0.11243317)]"
432,2018-02-01T16:48:41+0000,"[(838, 0.9893721)]"
433,2016-01-25T11:50:21+0000,"[(727, 0.9924886)]"
434,2020-04-27T20:37:31+0000,"[(16, 0.9090003), (69, 0.07962757)]"
435,2010-01-28T01:55:44+0000,"[(234, 0.09075103), (389, 0.07376245), (490, 0.042486053), (496, 0.0758585), (539, 0.13448232), (650, 0.04186731), (654, 0.15662582), (812, 0.04122969), (907, 0.16428646), (928, 0.14671187)]"
436,2013-10-22T18:20:00+0000,"[(900, 0.9924134)]"
437,2013-12-31T15:24:27+0000,"[(678, 0.98751223)]"
438,2007-11-14T12:23:16+0000,"[(111, 0.99644387)]"
439,2016-11-10T16:44:02+0000,"[(739, 0.9878169)]"
440,2012-01-23T19:28:30+0000,"[(48, 0.014974368), (164, 0.121771544), (282, 0.067298815), (324, 0.028338572), (344, 0.08207683), (351, 0.071525946), (409, 0.018426042), (452, 0.016208382), (518, 0.037303902), (540, 0.015717203), (603, 0.085937545), (633, 0.10239998), (656, 0.020917417), (662, 0.05012273), (800, 0.023021506), (842, 0.08199128), (888, 0.04142438), (923, 0.10627905)]"
441,2014-11-13T13:05:19+0000,"[(651, 0.9966382)]"
442,2008-08-06T21:11:08+0000,"[(500, 0.33360222), (954, 0.333657)]"
443,2012-03-16T13:16:28+0000,"[(24, 0.026942652), (238, 0.025737306), (255, 0.088444926), (417, 0.030012554), (420, 0.0357511), (454, 0.0987072), (487, 0.025855457), (509, 0.057646137), (558, 0.055442803), (691, 0.25567403), (737, 0.103857026), (842, 0.1321058), (998, 0.039746895)]"
444,2009-05-29T22:04:14+0000,"[(69, 0.023825442), (238, 0.06933248), (278, 0.070046015), (291, 0.054216456), (364, 0.24663678), (376, 0.047638666), (445, 0.026566742), (625, 0.02790148), (658, 0.08926888), (674, 0.024410969), (689, 0.052512474), (820, 0.034611948), (857, 0.082726605), (875, 0.042844974), (930, 0.083988085)]"
445,2020-08-18T14:00:19+0000,"[(107, 0.015315149), (143, 0.011544926), (144, 0.018942), (251, 0.018863231), (359, 0.013822101), (443, 0.052491814), (527, 0.012370282), (659, 0.011777732), (739, 0.011908688), (766, 0.010291791), (779, 0.01593676), (820, 0.18636352), (869, 0.42244995), (885, 0.056145508), (934, 0.029138349), (963, 0.049432345)]"
446,2011-09-19T18:16:00+0000,"[(15, 0.02302979), (133, 0.019628705), (139, 0.102822766), (177, 0.025288621), (238, 0.12951091), (251, 0.02299717), (387, 0.07448589), (466, 0.019617157), (539, 0.05746314), (607, 0.02426503), (633, 0.028277375), (678, 0.0687042), (715, 0.23923576), (737, 0.11464331), (970, 0.025673753)]"
447,2008-10-17T23:31:09+0000,"[(735, 0.9934737)]"
448,2012-12-07T17:17:03+0000,"[(24, 0.9973596)]"
449,2014-11-12T17:49:15+0000,"[(40, 0.36348897), (700, 0.63243747)]"
450,2012-10-02T12:05:00+0000,"[(826, 0.9890215)]"
451,2012-11-03T01:13:00+0000,"[(3, 0.86239415), (329, 0.019677548), (508, 0.030083375), (552, 0.020235091), (715, 0.06241159)]"
452,2021-03-22T19:36:35+0000,
453,2019-09-19T19:21:13+0000,"[(527, 0.9937925)]"
454,2015-08-21T01:45:47+0000,"[(888, 0.9950049)]"
455,2015-09-17T18:38:35+0000,"[(87, 0.043731358), (190, 0.020065367), (238, 0.11343714), (324, 0.03667824), (326, 0.025909917), (488, 0.033596538), (508, 0.5095177), (520, 0.016457288), (536, 0.028338563), (537, 0.03646587), (638, 0.051625244), (691, 0.021699345), (900, 0.020210607), (947, 0.017714053)]"
456,2019-06-04T01:22:15+0000,"[(928, 0.9960355)]"
457,2013-11-07T05:25:11+0000,"[(331, 0.990009)]"
458,2015-02-12T22:09:35+0000,"[(53, 0.07350378), (172, 0.17230575), (351, 0.20014386), (651, 0.41175133)]"
459,2015-09-16T13:57:24+0000,"[(242, 0.8135479), (495, 0.14327659), (606, 0.034522146)]"
460,2011-07-20T09:03:50+0000,"[(75, 0.05037883), (79, 0.10772633), (138, 0.055857155), (188, 0.043524355), (234, 0.043519717), (373, 0.012702109), (387, 0.09713366), (508, 0.05594891), (576, 0.13319036), (638, 0.13379619), (766, 0.045180976), (929, 0.04351343), (987, 0.13460971)]"
461,2014-12-03T21:52:13+0000,"[(808, 0.99259984)]"
462,2011-04-14T15:32:26+0000,"[(64, 0.06452325), (82, 0.13862494), (194, 0.022192672), (196, 0.029289072), (217, 0.055065725), (238, 0.05056716), (354, 0.039174736), (493, 0.019033395), (527, 0.07280627), (536, 0.016825775), (583, 0.06652805), (656, 0.027616886), (669, 0.16813596), (754, 0.026931986), (793, 0.05723501), (884, 0.078445666), (933, 0.027353222), (959, 0.016969549)]"
463,2020-05-26T15:21:01+0000,"[(199, 0.99254465)]"
464,2015-01-08T16:06:28+0000,"[(387, 0.99432373)]"
465,2013-04-18T07:45:26+0000,"[(218, 0.99419177)]"
466,2020-10-16T12:11:03+0000,"[(332, 0.99537486)]"
467,2009-11-27T20:53:23+0000,"[(138, 0.02602945), (293, 0.03061874), (320, 0.05892699), (333, 0.028544376), (342, 0.029241133), (364, 0.03459348), (367, 0.15167584), (387, 0.03154114), (537, 0.027996792), (574, 0.0595661), (626, 0.26471052), (660, 0.029757679), (700, 0.05016983), (843, 0.024034876), (867, 0.060366154), (944, 0.06699048)]"
468,2015-09-16T12:23:44+0000,"[(10, 0.09891264), (17, 0.058047596), (86, 0.027543612), (119, 0.12643346), (130, 0.033619516), (373, 0.09821801), (376, 0.026531076), (417, 0.07158642), (460, 0.03678273), (500, 0.020273425), (531, 0.026889006), (536, 0.026080545), (658, 0.020483509), (659, 0.091484234), (716, 0.08243493), (723, 0.034380488), (735, 0.09572022)]"
469,2016-07-15T02:56:14+0000,"[(658, 0.9882468)]"
470,2015-01-08T22:47:27+0000,"[(700, 0.9944805)]"
471,2020-10-02T11:36:01+0000,"[(164, 0.88513666), (169, 0.082582705), (344, 0.027829235)]"
472,2021-04-05T14:11:33+0000,"[(75, 0.06326169), (139, 0.18069573), (169, 0.101066634), (329, 0.031113507), (438, 0.063616775), (488, 0.030337876), (520, 0.15612182), (679, 0.2078565), (727, 0.031565525), (756, 0.031386886), (778, 0.014883177), (790, 0.058148533)]"
473,2012-10-08T13:03:00+0000,
474,2010-11-12T00:54:35+0000,"[(177, 0.9878169)]"
475,2019-04-30T11:20:40+0000,"[(80, 0.018677583), (86, 0.08471668), (90, 0.04879695), (180, 0.07309978), (194, 0.06967942), (210, 0.018927243), (229, 0.017427882), (230, 0.16158967), (324, 0.025089655), (339, 0.22381003), (591, 0.05750698), (595, 0.056945726), (651, 0.07418686), (706, 0.033406228), (875, 0.018869454)]"
476,2020-06-01T20:01:48+0000,"[(308, 0.010673144), (324, 0.024713622), (329, 0.013466004), (527, 0.019066593), (609, 0.012789273), (762, 0.026098853), (885, 0.80532986)]"
477,2007-04-16T18:58:07+0000,"[(700, 0.60141885), (934, 0.38747713)]"
478,2019-03-25T22:13:40+0000,"[(94, 0.9928123)]"
479,2013-05-13T06:09:57+0000,"[(69, 0.076962456), (796, 0.91637933)]"
480,2012-04-18T21:50:43+0000,"[(52, 0.039703257), (78, 0.12816276), (107, 0.024577217), (199, 0.024411028), (295, 0.025093695), (344, 0.026562648), (351, 0.027525267), (391, 0.10412041), (644, 0.026611483), (658, 0.07026008), (735, 0.031757448), (793, 0.02720546), (822, 0.060092326), (828, 0.0558896), (879, 0.03508859), (883, 0.09306471), (923, 0.023543227), (928, 0.10067882), (994, 0.05033089)]"
481,2015-01-20T23:02:44+0000,"[(328, 0.9944805)]"
482,2017-03-12T11:41:08+0000,
483,2014-02-25T21:27:33+0000,"[(8, 0.99083096)]"
484,2013-11-29T17:52:00+0000,"[(715, 0.98722935)]"
485,2011-01-27T21:57:03+0000,"[(414, 0.9954173)]"
486,2017-03-14T15:35:50+0000,
487,2010-07-15T21:28:41+0000,"[(94, 0.04612949), (172, 0.045497533), (230, 0.2881406), (367, 0.048516165), (420, 0.07739035), (496, 0.100768074), (509, 0.051536266), (658, 0.056294866), (875, 0.052996833), (913, 0.081146), (999, 0.10661264)]"
488,2011-10-21T18:31:23+0000,"[(41, 0.07448095), (210, 0.060600653), (339, 0.06554695), (383, 0.02858531), (389, 0.06981273), (410, 0.101153105), (460, 0.030738227), (539, 0.089013256), (569, 0.04116157), (808, 0.067261755), (878, 0.09267411), (938, 0.13183881), (998, 0.11892745)]"
489,2007-12-17T18:20:49+0000,"[(10, 0.063298844), (16, 0.052922234), (52, 0.01768846), (59, 0.01429936), (128, 0.018469911), (130, 0.043268383), (144, 0.022174004), (223, 0.03984407), (234, 0.032134973), (269, 0.02690846), (271, 0.07144894), (324, 0.09467289), (397, 0.04407116), (530, 0.053267706), (635, 0.030394578), (689, 0.06527468), (700, 0.07343628), (706, 0.049011275), (707, 0.02200811), (727, 0.06316591), (732, 0.015169934), (753, 0.07309398)]"
490,2013-10-24T22:47:47+0000,"[(278, 0.096612394), (372, 0.07630152), (487, 0.03042113), (537, 0.07470779), (572, 0.07489473), (619, 0.06336131), (652, 0.039189674), (662, 0.08078317), (863, 0.17547318), (875, 0.23139603), (962, 0.028598024)]"
491,2012-10-24T19:57:00+0000,"[(143, 0.031838927), (203, 0.030412188), (278, 0.023242813), (342, 0.012816087), (421, 0.63313466), (740, 0.01685726), (828, 0.015782919), (907, 0.035983972), (934, 0.010137362), (972, 0.015913228)]"
492,2012-10-02T04:28:00+0000,"[(597, 0.9954795)]"
493,2018-03-20T11:44:39+0000,"[(4, 0.9907418)]"
494,2018-11-07T18:07:18+0000,"[(111, 0.98692137)]"
495,2014-07-31T11:30:42+0000,"[(111, 0.10757256), (161, 0.017080566), (226, 0.016685067), (238, 0.106894724), (242, 0.11809197), (285, 0.017810302), (376, 0.015947979), (508, 0.13321657), (651, 0.06636453), (678, 0.04652224), (710, 0.017064339), (778, 0.017011045), (795, 0.0199672), (861, 0.0437675), (953, 0.20425043), (986, 0.03613055)]"
496,2012-11-02T15:33:00+0000,"[(255, 0.024694024), (277, 0.97287756)]"
497,2012-10-01T12:00:00+0000,"[(518, 0.99657863)]"
498,2011-01-12T18:01:38+0000,"[(80, 0.025129009), (94, 0.026268119), (177, 0.062647566), (278, 0.091331534), (308, 0.0743724), (359, 0.11508028), (378, 0.1360168), (417, 0.022749579), (466, 0.045462854), (489, 0.045483407), (678, 0.023615459), (693, 0.02274847), (753, 0.048749663), (793, 0.02301511), (842, 0.04547734), (991, 0.16948408)]"
499,2008-06-30T12:33:47+0000,"[(173, 0.9467032), (238, 0.015382325), (536, 0.012740852)]"
500,2012-10-01T12:30:00+0000,
501,2013-11-20T17:45:52-0500,"[(460, 0.99738777)]"
502,2017-03-15T07:30:00+0000,"[(159, 0.044298735), (796, 0.94407207)]"
503,2018-03-02T15:08:06+0000,"[(43, 0.14381123), (220, 0.04248512), (241, 0.037074663), (339, 0.037841704), (380, 0.06596353), (397, 0.19558956), (536, 0.05079017), (562, 0.19180243), (609, 0.067626856), (849, 0.037073947), (953, 0.043008145), (993, 0.04650393)]"
504,2013-10-18T11:16:50+0000,"[(31, 0.018142195), (112, 0.019365354), (139, 0.15759896), (194, 0.017716575), (203, 0.06567649), (331, 0.043583617), (337, 0.18039781), (367, 0.022049911), (449, 0.0154262), (572, 0.124600545), (591, 0.05775645), (689, 0.032752547), (710, 0.024791313), (845, 0.04146548), (875, 0.12623887), (947, 0.033522222)]"
505,2014-12-01T17:19:38+0000,"[(16, 0.08504918), (94, 0.119012415), (128, 0.18633239), (320, 0.14520186), (361, 0.10979411), (812, 0.03436), (879, 0.035010733), (913, 0.05953504), (929, 0.19347453)]"
506,2009-10-30T17:26:09+0000,"[(471, 0.99365693)]"
507,2017-02-10T13:25:43+0000,"[(15, 0.021568937), (138, 0.09834363), (142, 0.06574085), (203, 0.027021356), (226, 0.03815372), (229, 0.019165432), (238, 0.046853535), (443, 0.07647691), (631, 0.034480862), (674, 0.021479199), (715, 0.07094203), (737, 0.03967252), (756, 0.022744937), (762, 0.07398143), (779, 0.027958464), (907, 0.29833594)]"
508,2020-06-23T12:13:25+0000,"[(3, 0.8311854), (94, 0.14761455)]"
509,2021-08-01T16:02:49+0000,"[(389, 0.025440082), (433, 0.96615785)]"
510,2010-08-24T15:11:41+0000,"[(105, 0.06245773), (138, 0.058877293), (203, 0.13165791), (226, 0.11752263), (255, 0.118957244), (464, 0.064404495), (572, 0.06264356), (737, 0.31520206)]"
511,2019-12-19T23:16:19+0000,"[(654, 0.996907)]"
512,2012-10-09T13:32:00+0000,"[(618, 0.99727774)]"
513,2012-10-19T13:55:41+0000,"[(86, 0.03391664), (123, 0.026766274), (308, 0.07194522), (373, 0.11769506), (414, 0.12644148), (438, 0.027999476), (462, 0.025670024), (577, 0.09160549), (639, 0.0789766), (716, 0.056476314), (793, 0.108331524), (845, 0.05191181), (913, 0.13122365), (963, 0.025653722)]"
514,2019-09-09T12:00:15+0000,"[(826, 0.9922554)]"
515,2007-07-27T14:09:37+0000,"[(80, 0.9949319)]"
516,2019-11-06T20:51:53+0000,"[(201, 0.9965818)]"
517,2009-03-14T01:41:48+0000,"[(64, 0.22446778), (80, 0.24783204), (354, 0.1320057), (795, 0.26246113), (810, 0.07470095)]"
518,2008-10-16T20:46:41+0000,"[(19, 0.016997902), (82, 0.013773158), (111, 0.017906254), (123, 0.66162837), (138, 0.016265828), (159, 0.03374263), (172, 0.0137070175), (238, 0.017881338), (417, 0.011202625), (454, 0.02239305), (556, 0.02326301), (706, 0.011842379), (715, 0.017553266), (737, 0.016434766)]"
519,2019-10-09T08:04:31+0000,"[(138, 0.99259984)]"
520,2016-11-08T11:44:01+0000,"[(290, 0.9946288)]"
521,2019-03-21T14:06:00+0000,"[(820, 0.9935256)]"
522,2012-04-17T21:30:42+0000,"[(339, 0.15544863), (367, 0.053009365), (609, 0.102339335), (642, 0.0672491), (651, 0.29972494), (737, 0.040781647), (808, 0.21927649)]"
523,2019-06-13T05:59:13+0000,"[(3, 0.032747597), (138, 0.03485016), (188, 0.028552666), (226, 0.087210685), (251, 0.03319823), (255, 0.17111932), (351, 0.03500579), (464, 0.027197635), (487, 0.069981255), (539, 0.05793064), (607, 0.05178517), (625, 0.05429893), (656, 0.07918534), (658, 0.029420592), (845, 0.03566315), (897, 0.027851716), (953, 0.11812652)]"
524,2013-02-25T18:44:43+0000,"[(52, 0.09294212), (243, 0.12859714), (290, 0.036416195), (336, 0.07538193), (409, 0.17798509), (662, 0.12656444), (723, 0.014657719), (727, 0.032770798), (762, 0.08194022), (766, 0.029974282), (884, 0.068876065), (907, 0.10855805)]"
525,2019-05-14T14:33:00+0000,"[(91, 0.9955599)]"
526,2015-05-11T10:17:42+0000,"[(340, 0.9915337)]"
527,2021-06-23T16:02:14+0000,"[(493, 0.99122715)]"
528,2013-08-21T17:42:34+0000,"[(87, 0.2509089), (223, 0.15101978), (229, 0.02535479), (308, 0.01525114), (326, 0.01354942), (351, 0.023866776), (410, 0.05611805), (454, 0.112039454), (576, 0.086445384), (597, 0.017412676), (652, 0.059155244), (665, 0.047606375), (678, 0.016079083), (826, 0.033873554), (867, 0.0436807), (875, 0.021349445), (892, 0.013352464)]"
529,2016-02-29T15:00:01+0000,"[(53, 0.037437916), (111, 0.08295703), (123, 0.019362587), (169, 0.024849012), (203, 0.37546965), (293, 0.04126412), (326, 0.018277088), (391, 0.020787738), (417, 0.041672375), (527, 0.019207584), (604, 0.017553851), (669, 0.033893436), (679, 0.0723793), (689, 0.045701206), (790, 0.02117958), (808, 0.086220354), (842, 0.024537431)]"
530,2011-07-01T08:15:16+0000,"[(741, 0.9901066)]"
531,2019-12-05T02:05:44+0000,"[(31, 0.06469257), (271, 0.18115178), (332, 0.020784218), (352, 0.09041888), (385, 0.039417088), (417, 0.031080302), (673, 0.13333817), (706, 0.020016627), (756, 0.061005022), (907, 0.022132631), (934, 0.08202185), (965, 0.029159805), (986, 0.20229049)]"
532,2010-04-07T18:18:38+0000,"[(169, 0.058087833), (194, 0.10486436), (214, 0.053449273), (223, 0.060670182), (397, 0.4908625), (460, 0.062018074), (500, 0.055724256), (972, 0.061004125)]"
533,2012-12-10T16:03:48+0000,"[(24, 0.011543994), (203, 0.069910675), (217, 0.027419588), (291, 0.022650398), (324, 0.0356963), (329, 0.019584913), (373, 0.025417933), (410, 0.01745508), (508, 0.014801318), (527, 0.010444717), (556, 0.025998957), (606, 0.0148393735), (626, 0.030609865), (643, 0.4201218), (753, 0.012694286), (820, 0.018660882), (861, 0.04216976), (934, 0.012164731), (954, 0.013521119)]"
534,2016-01-04T23:17:56+0000,"[(209, 0.073253654), (210, 0.6164227), (389, 0.108812824), (857, 0.06845604), (994, 0.066718236)]"
535,2016-09-13T16:26:54+0000,"[(10, 0.01313141), (119, 0.018187443), (271, 0.012374427), (390, 0.024432173), (508, 0.012397033), (530, 0.023504913), (556, 0.38193285), (577, 0.019194225), (603, 0.012867645), (674, 0.0133931255), (700, 0.052614816), (907, 0.122501016), (928, 0.0107187955), (934, 0.010541628)]"
536,2019-09-08T15:38:21+0000,"[(51, 0.20266068), (79, 0.07320161), (80, 0.054599423), (144, 0.07902702), (173, 0.08007935), (471, 0.024401693), (499, 0.08927262), (582, 0.058013503), (659, 0.04880174), (696, 0.11746631), (812, 0.027796023), (930, 0.07456857), (931, 0.04603064)]"
537,2018-01-09T08:00:00+0000,"[(681, 0.4537403), (890, 0.5404904)]"
538,2021-07-22T17:55:50+0000,"[(817, 0.9923514)]"
539,2007-10-29T12:54:58+0000,"[(238, 0.047497164), (331, 0.028711641), (339, 0.016349787), (417, 0.013817861), (569, 0.022675823), (634, 0.023614585), (656, 0.017056752), (845, 0.5390197), (875, 0.011185444), (930, 0.22785851), (999, 0.020985832)]"
540,2013-05-06T14:07:28+0000,"[(80, 0.31202585), (90, 0.0313946), (228, 0.10537385), (359, 0.06362085), (409, 0.16499315), (442, 0.034977496), (515, 0.100718446), (552, 0.089959286), (565, 0.06745295)]"
541,2013-06-21T06:49:10+0000,"[(41, 0.11114838), (43, 0.19426408), (69, 0.071756884), (582, 0.10775925), (604, 0.056620512), (943, 0.115212366), (987, 0.28727552)]"
542,2018-10-03T14:54:53+0000,"[(706, 0.98914075)]"
543,2011-09-28T22:34:50+0000,"[(80, 0.19998491), (107, 0.022334788), (209, 0.09004008), (210, 0.026643436), (389, 0.046597105), (471, 0.15457691), (540, 0.046693668), (552, 0.03770813), (569, 0.10065073), (638, 0.04512415), (652, 0.08929052), (766, 0.021836396), (808, 0.09705953)]"
544,2014-12-18T20:00:00+0000,"[(40, 0.017870663), (90, 0.03818422), (94, 0.025663292), (123, 0.06927391), (317, 0.08859342), (329, 0.035577863), (333, 0.017521601), (362, 0.02270109), (410, 0.021783903), (515, 0.021998737), (531, 0.018898986), (577, 0.07308191), (591, 0.06683238), (609, 0.09210254), (631, 0.057633173), (656, 0.023847982), (732, 0.01947515), (778, 0.11713923), (779, 0.023952207), (790, 0.034972895), (884, 0.019529857), (950, 0.07399889)]"
545,2008-07-18T17:59:33+0000,"[(86, 0.9836896)]"
546,2017-04-12T18:01:42+0000,"[(255, 0.08391894), (383, 0.90007573)]"
547,2017-09-19T15:39:06+0000,"[(867, 0.9954173)]"
548,2016-06-06T16:44:27+0000,"[(442, 0.9924886)]"
549,2016-12-12T17:03:20+0000,"[(883, 0.9953231)]"
550,2014-07-11T11:35:53+0000,"[(177, 0.028116468), (226, 0.051424462), (308, 0.015335557), (359, 0.014746379), (389, 0.018298272), (433, 0.05054115), (499, 0.040944494), (500, 0.018294144), (565, 0.04619446), (576, 0.017854933), (582, 0.02778846), (634, 0.020339252), (642, 0.08670195), (651, 0.12592727), (669, 0.03265736), (696, 0.039872076), (737, 0.038470782), (762, 0.023947213), (890, 0.10998716), (928, 0.13907762), (934, 0.022146009), (999, 0.017747456)]"
551,2011-03-30T22:28:14+0000,"[(52, 0.018896673), (69, 0.036173273), (86, 0.023040563), (169, 0.023822978), (223, 0.10373471), (303, 0.09552731), (329, 0.1542587), (361, 0.0213049), (442, 0.03686162), (544, 0.1130316), (556, 0.08151041), (609, 0.06646192), (756, 0.06877416), (849, 0.017562553), (968, 0.12149368)]"
552,2006-12-27T19:04:26+0000,"[(255, 0.20657612), (639, 0.78759795)]"
553,2007-07-26T21:45:46+0000,"[(232, 0.033771697), (391, 0.29765376), (506, 0.65615594)]"
554,2020-04-06T15:05:17+0000,"[(344, 0.9938412)]"
555,2014-02-07T04:14:11+0000,"[(111, 0.038443472), (187, 0.022242328), (200, 0.041735206), (223, 0.090730965), (226, 0.083346635), (278, 0.027497511), (282, 0.114298016), (316, 0.022242328), (331, 0.117130786), (391, 0.023401855), (403, 0.026131926), (656, 0.12330754), (676, 0.04754237), (824, 0.033759505), (875, 0.16629691)]"
556,2014-02-04T13:47:06+0000,"[(15, 0.049846087), (16, 0.10997115), (144, 0.056128755), (188, 0.054797143), (387, 0.05425771), (443, 0.0881377), (715, 0.39085528), (817, 0.14876442)]"
557,2017-03-09T16:52:28+0000,"[(196, 0.22337262), (328, 0.2053787), (419, 0.05935646), (452, 0.19655338), (709, 0.08116092), (737, 0.1756461)]"
558,2019-11-05T16:12:55+0000,"[(716, 0.9898059)]"
559,2014-05-13T18:17:33+0000,"[(172, 0.12554175), (196, 0.08286094), (391, 0.14044958), (539, 0.033351127), (603, 0.07205691), (606, 0.14534168), (652, 0.03337116), (749, 0.033369344), (778, 0.040545955), (812, 0.033370867), (883, 0.13965918), (986, 0.035996724), (998, 0.051164877)]"
560,2016-10-04T10:38:19+0000,"[(223, 0.9876664)]"
561,2008-01-11T20:32:18+0000,"[(24, 0.16677323), (60, 0.05385052), (659, 0.16684408), (820, 0.16683973), (998, 0.27984163)]"
562,2020-01-22T14:44:20+0000,"[(968, 0.99105114)]"
563,2016-03-16T11:16:26+0000,"[(923, 0.9932949)]"
564,2015-09-08T17:05:32+0000,"[(79, 0.037072256), (161, 0.14326501), (167, 0.17987987), (172, 0.076164186), (173, 0.037175715), (243, 0.0377903), (565, 0.10186913), (606, 0.14680038), (658, 0.041067664), (689, 0.087188914), (767, 0.042007644), (843, 0.03311974)]"
565,2011-06-27T19:57:23+0000,"[(56, 0.9932499)]"
566,2017-02-03T14:17:29+0000,"[(69, 0.015363189), (508, 0.98130983)]"
567,2011-05-03T22:16:39+0000,"[(652, 0.99454087)]"
568,2016-10-18T20:55:26+0000,"[(17, 0.08178978), (94, 0.026185589), (220, 0.022028593), (223, 0.023697298), (228, 0.024880102), (271, 0.06728159), (389, 0.023784379), (399, 0.04402845), (403, 0.03992483), (518, 0.07596837), (539, 0.0204187), (561, 0.03640289), (576, 0.030353911), (618, 0.021212332), (619, 0.028539019), (638, 0.043652207), (676, 0.08038121), (700, 0.054005153), (752, 0.022507306), (928, 0.1540037), (994, 0.05937015)]"
569,2017-05-18T18:17:43+0000,"[(660, 0.9924317)]"
570,2013-01-24T06:43:16+0000,"[(196, 0.99611276)]"
571,2012-10-02T18:17:00+0000,"[(128, 0.89760983), (130, 0.012040228), (340, 0.011147846), (597, 0.014057944)]"
572,2018-10-19T22:49:46+0000,"[(90, 0.99066335)]"
573,2014-03-25T16:10:14+0000,"[(139, 0.1416831), (211, 0.07073248), (214, 0.060521998), (367, 0.14799644), (539, 0.09431037), (625, 0.057036713), (737, 0.14830309), (808, 0.22193621), (944, 0.02859812)]"
574,2008-09-09T16:06:02+0000,"[(164, 0.2577509), (333, 0.071494825), (544, 0.34498373), (603, 0.11102576), (957, 0.14293484)]"
575,2021-05-05T12:00:01+0000,"[(53, 0.028740412), (90, 0.015788862), (128, 0.11229862), (169, 0.015874088), (220, 0.017624026), (269, 0.04715555), (271, 0.016675837), (277, 0.018341359), (293, 0.050277222), (339, 0.07146055), (342, 0.03434), (367, 0.014012214), (373, 0.12771694), (493, 0.08170549), (609, 0.02016618), (710, 0.20001163), (812, 0.01584208), (885, 0.020885337), (897, 0.0592514), (994, 0.017201975)]"
576,2020-10-30T14:59:22+0000,"[(285, 0.99074984)]"
577,2017-05-26T11:00:00+0000,"[(64, 0.9966809)]"
578,2016-06-07T06:03:56-0400,"[(882, 0.62426376), (972, 0.36905605)]"
579,2021-01-05T07:45:24+0000,"[(380, 0.9902057)]"
580,2018-06-22T17:12:18+0000,"[(24, 0.013291324), (143, 0.014614578), (907, 0.01415954), (991, 0.79640466)]"
581,2017-06-14T04:21:58+0000,"[(143, 0.99669194)]"
582,2008-12-17T07:29:56+0000,"[(226, 0.4993339)]"
583,2008-05-15T13:36:35+0000,"[(203, 0.8392987), (339, 0.14997037)]"
584,2012-10-05T04:20:00+0000,"[(19, 0.037696548), (128, 0.022268588), (171, 0.017358257), (177, 0.27005202), (372, 0.02067938), (376, 0.041331254), (378, 0.032974273), (464, 0.09475214), (520, 0.020797368), (537, 0.040322453), (565, 0.018958379), (569, 0.017387701), (582, 0.015314824), (625, 0.018836014), (656, 0.03584032), (710, 0.04287698), (779, 0.045207456), (875, 0.12048718), (954, 0.017260429), (959, 0.016387913), (972, 0.036887836)]"
585,2016-08-11T12:50:53+0000,"[(878, 0.9888732)]"
586,2016-11-21T16:59:28+0000,"[(78, 0.0528601), (114, 0.016963506), (237, 0.04238179), (331, 0.049129147), (417, 0.07870455), (508, 0.2472062), (569, 0.08610674), (572, 0.06962854), (679, 0.025311064), (691, 0.074214324), (719, 0.052001607), (737, 0.054385807), (754, 0.021285944), (883, 0.05546033), (922, 0.04031392), (999, 0.017364843)]"
587,2020-09-29T02:52:01+0000,"[(715, 0.9951348)]"
588,2017-01-20T12:27:44+0000,"[(122, 0.041702572), (292, 0.0903204), (362, 0.04340857), (508, 0.13648349), (609, 0.041705042), (654, 0.09064925), (795, 0.22226374), (968, 0.29188323)]"
589,2007-11-19T13:33:13+0000,"[(75, 0.014411432), (94, 0.07634802), (159, 0.07638637), (203, 0.025331846), (271, 0.029265817), (292, 0.040262926), (293, 0.023046914), (317, 0.016474884), (367, 0.028712817), (378, 0.0131690055), (417, 0.041470584), (442, 0.06499843), (445, 0.03238747), (479, 0.026333978), (595, 0.019164491), (609, 0.01618035), (638, 0.1348459), (650, 0.097570896), (662, 0.013669813), (715, 0.05975178), (769, 0.06843468), (820, 0.05205585), (857, 0.016847285)]"
590,2012-10-04T07:15:00+0000,"[(625, 0.9891411)]"
591,2011-12-16T20:35:04+0000,"[(24, 0.059826657), (90, 0.08136259), (161, 0.015816871), (220, 0.019378372), (238, 0.020298464), (251, 0.07894637), (255, 0.24703154), (333, 0.016229112), (386, 0.018552134), (500, 0.033145253), (561, 0.015243734), (590, 0.015163632), (709, 0.14728439), (723, 0.07271513), (801, 0.0187505), (843, 0.012949479), (944, 0.036297355), (964, 0.068353005)]"
592,2018-08-01T18:56:45+0000,"[(897, 0.99213344)]"
593,2021-01-19T14:19:12+0000,"[(41, 0.040843498), (232, 0.12350522), (344, 0.019763876), (367, 0.052372087), (417, 0.020526946), (454, 0.090762034), (470, 0.021383723), (487, 0.024922442), (506, 0.019141728), (536, 0.02538895), (576, 0.052135304), (606, 0.06328576), (679, 0.13186686), (715, 0.02181189), (735, 0.025202535), (737, 0.027935533), (883, 0.019094354), (947, 0.17935501), (999, 0.021639172)]"
594,2016-09-29T15:06:17+0000,"[(609, 0.98837394)]"
595,2013-04-22T17:40:04+0000,"[(767, 0.9909998)]"
596,2012-10-04T04:42:00+0000,
597,2014-06-12T22:09:19+0000,"[(87, 0.1339613), (364, 0.80235744), (387, 0.04637852), (552, 0.014149904)]"
598,2017-11-21T11:00:34+0000,"[(8, 0.6472803), (331, 0.04737057), (339, 0.10150579), (569, 0.020846052), (638, 0.021359408), (674, 0.022076994), (913, 0.014684726), (950, 0.06803687), (972, 0.021708759)]"
599,2007-02-27T00:21:45+0000,"[(80, 0.14042383), (209, 0.013293557), (238, 0.0179089), (337, 0.0981957), (367, 0.019086275), (373, 0.017589888), (422, 0.01450299), (518, 0.0753497), (539, 0.03981003), (558, 0.033020258), (583, 0.07974084), (626, 0.0976686), (689, 0.08585028), (707, 0.101783924), (735, 0.08938103), (739, 0.017439466), (756, 0.035890386)]"
600,2010-09-28T02:47:37+0000,"[(228, 0.98732567)]"
601,2010-01-29T22:34:49+0000,"[(167, 0.024813749), (329, 0.035945307), (442, 0.05492318), (471, 0.06475663), (518, 0.08174541), (614, 0.11615892), (665, 0.18433212), (669, 0.18607989), (678, 0.069486916), (724, 0.054928306), (878, 0.02382594), (994, 0.066280946)]"
602,2011-08-02T14:28:11+0000,"[(91, 0.05972888), (112, 0.016299728), (144, 0.017323546), (173, 0.019581925), (190, 0.049927123), (215, 0.0373772), (290, 0.016764687), (317, 0.021089459), (344, 0.036278047), (352, 0.028423427), (380, 0.035393044), (449, 0.025104022), (470, 0.064450406), (490, 0.014933533), (527, 0.021643944), (565, 0.025491076), (582, 0.047824416), (591, 0.03997852), (644, 0.015874142), (723, 0.016619848), (767, 0.05146253), (769, 0.07510934), (796, 0.020706384), (879, 0.0732327), (892, 0.019574607), (954, 0.07216739), (965, 0.06311229)]"
603,2016-12-20T14:38:49+0000,"[(317, 0.9913877)]"
604,2011-08-26T15:09:31+0000,"[(993, 0.9936326)]"
605,2019-08-06T20:15:12+0000,"[(438, 0.99336904)]"
606,2014-10-06T10:20:19+0000,"[(194, 0.99160045)]"
607,2020-12-10T14:00:09+0000,"[(603, 0.99187505)]"
608,2011-01-28T18:32:12+0000,"[(43, 0.037068997), (269, 0.03706233), (320, 0.037050404), (328, 0.13592884), (460, 0.096909314), (462, 0.037079193), (540, 0.039189324), (638, 0.14016996), (639, 0.08268195), (709, 0.05407106), (798, 0.03707019), (944, 0.07411653), (965, 0.14819257)]"
609,2017-10-30T22:21:45+0000,"[(800, 0.99625826)]"
610,2011-09-12T14:40:59+0000,"[(753, 0.9909996)]"
611,2017-05-05T12:57:54+0000,"[(105, 0.9943842)]"
612,2016-06-30T05:00:00+0000,"[(397, 0.9976326)]"
613,2012-10-25T19:19:00+0000,"[(361, 0.99734294)]"
614,2008-10-23T13:49:17+0000,"[(544, 0.9969723)]"
615,2012-10-01T22:40:00+0000,"[(676, 0.99358046)]"
616,2012-08-09T14:22:30+0000,"[(367, 0.067097634), (417, 0.08472301), (452, 0.12292302), (633, 0.20161325), (739, 0.21435834), (824, 0.08712399), (845, 0.14334066)]"
617,2013-05-06T16:34:27+0000,"[(540, 0.9960512)]"
618,2007-05-17T15:57:16+0000,"[(80, 0.4369501), (196, 0.04352296), (215, 0.088174246), (278, 0.043502998), (420, 0.04556401), (493, 0.089061216), (540, 0.04504811), (691, 0.043523304), (707, 0.07460078), (863, 0.04698389)]"
619,2012-03-26T14:01:53+0000,"[(515, 0.9918112)]"
620,2010-05-05T17:16:33+0000,"[(144, 0.03989997), (167, 0.1573942), (329, 0.08371401), (556, 0.05419017), (689, 0.12008819), (716, 0.05745272), (732, 0.041239448), (741, 0.040219333), (753, 0.036400795), (820, 0.089160204), (907, 0.04449567), (959, 0.024176693), (998, 0.1763132)]"
621,2019-05-29T15:11:51+0000,"[(19, 0.99037176)]"
622,2012-10-05T14:59:00+0000,
623,2020-05-02T16:57:58+0000,"[(810, 0.97317404)]"
624,2009-01-15T20:58:24+0000,"[(3, 0.19556811), (291, 0.037725776), (339, 0.0442018), (493, 0.058413804), (609, 0.028579185), (658, 0.06811575), (671, 0.078818955), (710, 0.030333411), (715, 0.2494473), (808, 0.18050699)]"
