,published_at,topic_class
0,2021-09-29T17:09:39+0000,"[(28, 0.090996705), (280, 0.44715124), (597, 0.10954505), (806, 0.079949215), (839, 0.09099382), (937, 0.09099622)]"
1,2016-06-24T13:50:48-0400,"[(539, 0.9977138)]"
2,2014-03-25T13:29:45-0400,"[(153, 0.018746084), (181, 0.015272511), (241, 0.015231835), (413, 0.013038293), (434, 0.03289831), (440, 0.018418659), (627, 0.012882351), (661, 0.021113737), (732, 0.7619204), (846, 0.010691013), (865, 0.011354484), (939, 0.021473857), (981, 0.013811297)]"
3,2009-04-22T19:49:03+0000,"[(30, 0.09416807), (76, 0.08746432), (276, 0.06001024), (332, 0.058927584), (374, 0.07832348), (413, 0.03849082), (418, 0.06900893), (429, 0.03850435), (526, 0.06344814), (568, 0.039399553), (588, 0.12640417), (670, 0.12029205), (788, 0.049093794), (921, 0.038502075)]"
4,2018-04-14T14:59:04+0000,
5,2017-03-07T23:07:14+0000,"[(35, 0.03418366), (117, 0.014937162), (153, 0.05862284), (181, 0.14165482), (234, 0.040299457), (239, 0.018828606), (242, 0.016248137), (336, 0.019113349), (415, 0.01899696), (440, 0.11245652), (462, 0.016562192), (500, 0.111359306), (531, 0.019441484), (568, 0.09617477), (590, 0.02064598), (597, 0.09904479), (700, 0.049083192), (820, 0.027657554), (840, 0.02864543), (844, 0.04141424)]"
6,2017-02-28T11:00:37-0500,"[(827, 0.99401647)]"
7,2020-12-17T06:08:38+0000,"[(153, 0.23097546), (590, 0.19172753), (597, 0.07210973), (851, 0.07175117), (865, 0.10768169), (939, 0.267281)]"
8,2019-07-28T21:00:47+0000,"[(529, 0.9943324)]"
9,2012-04-05T06:53:57+0000,"[(35, 0.04053795), (41, 0.039908513), (266, 0.03707548), (459, 0.07933896), (686, 0.17833136), (727, 0.21148612), (765, 0.21788761), (820, 0.15196325)]"
10,2010-11-30T15:42:50+0000,"[(47, 0.23085268), (462, 0.076991126), (494, 0.32997453), (583, 0.085955806), (861, 0.18684864), (972, 0.012912436)]"
11,2019-02-11T10:04:30+0000,"[(38, 0.023864608), (64, 0.022548724), (242, 0.032743227), (410, 0.073399395), (420, 0.018488111), (543, 0.07734723), (568, 0.08398635), (604, 0.10824776), (612, 0.070081934), (668, 0.016681636), (733, 0.03513781), (783, 0.0851558), (846, 0.2027499), (857, 0.05226664), (873, 0.0610778), (967, 0.019818917)]"
12,2019-01-30T20:32:22+0000,"[(68, 0.021875814), (101, 0.015403163), (123, 0.03280263), (225, 0.017294448), (241, 0.022409096), (250, 0.060576122), (276, 0.16303684), (291, 0.024977686), (330, 0.049344465), (543, 0.059753966), (561, 0.14564557), (577, 0.15469085), (588, 0.025577065), (591, 0.02160022), (594, 0.019142099), (684, 0.034072675), (737, 0.03658896), (743, 0.016409818), (840, 0.016405085), (895, 0.028251596), (939, 0.018088588)]"
13,2021-06-03T10:44:44+0000,"[(274, 0.99122936)]"
14,2007-04-30T06:55:55+0000,"[(35, 0.99301064)]"
15,2015-10-06T19:24:25+0000,"[(8, 0.03607144), (13, 0.11483733), (30, 0.10633276), (88, 0.017464403), (123, 0.03536828), (181, 0.020933453), (239, 0.033381764), (304, 0.057513528), (336, 0.067636825), (395, 0.017821163), (420, 0.08725322), (424, 0.029611029), (445, 0.054994985), (547, 0.01964833), (577, 0.2026481), (765, 0.05835756), (917, 0.023461431)]"
16,2021-05-12T21:01:16+0000,"[(794, 0.99306226)]"
17,2014-05-29T01:01:17+0000,"[(201, 0.98980594)]"
18,2014-05-12T15:38:19+0000,"[(222, 0.9900098)]"
19,2008-03-04T00:25:24+0000,
20,2015-03-19T19:43:07+0000,"[(11, 0.03446623), (28, 0.020083617), (181, 0.040695325), (252, 0.08813555), (299, 0.12544815), (335, 0.022925332), (415, 0.099310905), (457, 0.13510701), (481, 0.022871861), (502, 0.06814636), (539, 0.092935614), (561, 0.018546568), (666, 0.016684731), (816, 0.060900025), (883, 0.016911786), (924, 0.09849702), (988, 0.021946976)]"
21,2016-05-19T03:03:37+0000,"[(13, 0.01881537), (159, 0.059063863), (199, 0.021507936), (413, 0.12837313), (426, 0.037537795), (434, 0.047111597), (631, 0.13322437), (653, 0.034068644), (658, 0.018202906), (680, 0.03970848), (839, 0.095036894), (846, 0.11502713), (851, 0.044633467), (858, 0.030902676), (862, 0.13492766), (870, 0.023962483)]"
22,2016-12-17T15:07:56+0000,"[(28, 0.020884149), (33, 0.05879487), (64, 0.015882267), (70, 0.02377494), (121, 0.048526928), (191, 0.016613), (193, 0.016718164), (225, 0.097988516), (308, 0.013529875), (330, 0.014759813), (444, 0.0932391), (543, 0.011600664), (561, 0.04797735), (566, 0.029371936), (594, 0.01622125), (645, 0.026926143), (673, 0.021506006), (686, 0.03565371), (785, 0.038482063), (801, 0.01621075), (873, 0.08170491), (898, 0.12554026), (907, 0.06916375), (936, 0.016190924), (958, 0.024818782)]"
23,2018-02-26T21:26:02+0000,"[(61, 0.016631186), (68, 0.03914914), (138, 0.13039732), (264, 0.016667144), (272, 0.018414034), (274, 0.020324633), (421, 0.024499642), (554, 0.015631856), (561, 0.016667351), (567, 0.042544596), (568, 0.08800296), (589, 0.053267773), (740, 0.06040984), (741, 0.03229936), (796, 0.025012098), (803, 0.08678583), (816, 0.042859834), (855, 0.05250185), (862, 0.017680151), (894, 0.02353302), (917, 0.11080026), (918, 0.050634753)]"
24,2007-07-05T00:57:16+0000,"[(11, 0.030275514), (97, 0.024833139), (110, 0.10203744), (153, 0.028238844), (280, 0.075268105), (385, 0.026478102), (402, 0.04996057), (479, 0.2257444), (597, 0.024817605), (599, 0.056830928), (836, 0.06205946), (870, 0.26198846)]"
25,2018-02-28T14:30:29+0000,"[(76, 0.99474)]"
26,2010-07-26T14:19:22+0000,"[(35, 0.021534603), (76, 0.035632826), (150, 0.04258184), (170, 0.09299908), (234, 0.019105893), (249, 0.067200534), (252, 0.02062702), (274, 0.029764436), (304, 0.037643302), (315, 0.019633558), (321, 0.018092837), (323, 0.024844753), (356, 0.10073362), (377, 0.028492702), (397, 0.014099291), (478, 0.015165203), (596, 0.015114975), (727, 0.099661164), (737, 0.054111082), (846, 0.11793796), (911, 0.111231245)]"
27,2012-01-25T20:27:04+0000,"[(250, 0.027644236), (274, 0.025728522), (428, 0.05176666), (481, 0.059671246), (607, 0.2155817), (628, 0.033181954), (747, 0.19396444), (767, 0.025160002), (800, 0.07300471), (846, 0.17902513), (958, 0.09054311)]"
28,2017-07-31T19:31:48+0000,"[(194, 0.4298652), (422, 0.03484507), (533, 0.08150404), (653, 0.042991355), (795, 0.21291733), (846, 0.08966641), (872, 0.03443232), (875, 0.04070772)]"
29,2012-04-16T16:44:20+0000,"[(76, 0.084809), (119, 0.047705173), (226, 0.039153006), (274, 0.03827081), (330, 0.11501761), (347, 0.08459122), (402, 0.043254312), (537, 0.27024993), (627, 0.16000418), (751, 0.037078716), (868, 0.039833155)]"
30,2021-05-11T12:30:01+0000,"[(17, 0.996065)]"
31,2020-03-18T16:17:43+0000,"[(803, 0.990394)]"
32,2019-01-10T20:04:07+0000,"[(525, 0.9932032)]"
33,2019-03-03T17:00:13+0000,"[(543, 0.9959214)]"
34,2021-09-03T00:42:01+0000,"[(800, 0.9881042)]"
35,2007-09-12T04:25:04+0000,"[(862, 0.99554795)]"
36,2016-03-22T14:54:22+0000,"[(917, 0.99281645)]"
37,2007-03-16T06:24:33+0000,"[(645, 0.995599)]"
38,2009-10-22T17:23:03+0000,"[(30, 0.0230671), (181, 0.015626052), (241, 0.026627924), (336, 0.052641965), (502, 0.077505805), (568, 0.01784775), (597, 0.022210417), (599, 0.03785936), (604, 0.09623689), (670, 0.03394669), (735, 0.01670352), (763, 0.022290448), (777, 0.16113776), (858, 0.17672838), (865, 0.11095146), (870, 0.05532012), (928, 0.017708492), (939, 0.017344752)]"
39,2012-01-18T22:09:31+0000,"[(426, 0.13037376), (502, 0.2448114), (577, 0.14025176), (763, 0.14758311), (806, 0.21254185)]"
40,2021-02-05T17:30:52+0000,"[(754, 0.99634445)]"
41,2011-10-25T21:19:30+0000,"[(48, 0.03511287), (51, 0.04077757), (68, 0.05435774), (146, 0.02578154), (191, 0.055050634), (241, 0.09836074), (336, 0.20887926), (397, 0.023279162), (567, 0.06049545), (571, 0.020884125), (590, 0.10491686), (591, 0.113727696), (625, 0.02818831), (684, 0.023278786), (795, 0.03580287), (939, 0.047766395)]"
42,2013-02-26T09:32:17+0000,"[(173, 0.068963975), (225, 0.07010258), (291, 0.21302445), (732, 0.06673305), (858, 0.31289843), (917, 0.13340165), (988, 0.0667333)]"
43,2006-12-14T23:29:44+0000,"[(727, 0.9970524)]"
44,2012-10-08T09:04:00+0000,"[(20, 0.017498808), (153, 0.016723176), (725, 0.94813037)]"
45,2009-02-09T22:23:28+0000,"[(950, 0.9962724)]"
46,2014-11-13T18:25:56+0000,"[(567, 0.9944083)]"
47,2010-01-04T20:19:07+0000,"[(19, 0.04953713), (86, 0.06547763), (242, 0.05696303), (253, 0.04549913), (412, 0.07918407), (481, 0.102432996), (577, 0.05266147), (627, 0.107398756), (777, 0.046199143), (816, 0.05411482), (846, 0.20831962), (972, 0.08650953)]"
48,2010-07-08T18:10:10+0000,"[(404, 0.05619432), (936, 0.9325915)]"
49,2015-11-23T20:57:10+0000,"[(41, 0.98970014)]"
50,2008-08-29T15:25:24+0000,"[(347, 0.99265426)]"
51,2014-06-17T06:09:51-0400,"[(253, 0.99291444)]"
52,2017-08-30T20:20:38+0000,"[(173, 0.018223254), (229, 0.8909483), (731, 0.085467964)]"
53,2012-08-30T18:05:09+0000,"[(19, 0.08825929), (29, 0.099758565), (35, 0.09689716), (205, 0.096347), (268, 0.04857498), (374, 0.07650186), (391, 0.041710906), (543, 0.08974521), (686, 0.11774377), (751, 0.08338854), (862, 0.07818603), (896, 0.04171309)]"
54,2011-11-18T17:50:14+0000,"[(41, 0.09866069), (162, 0.019576438), (194, 0.05814128), (323, 0.037693407), (330, 0.07618676), (336, 0.04675145), (356, 0.16518268), (423, 0.057881765), (590, 0.021696007), (712, 0.02762554), (754, 0.045722794), (775, 0.032808222), (851, 0.06103572), (872, 0.039025083), (917, 0.06537804), (918, 0.046631314), (939, 0.037971362), (993, 0.045927413)]"
55,2016-02-05T15:27:47+0000,"[(874, 0.94184035), (911, 0.05171432)]"
56,2015-01-23T19:24:15+0000,"[(867, 0.99108016)]"
57,2013-02-13T12:55:50+0000,"[(335, 0.99502975)]"
58,2011-11-28T15:05:41+0000,"[(71, 0.027570438), (124, 0.043436944), (135, 0.0125153735), (201, 0.05265751), (297, 0.04120615), (299, 0.015852755), (315, 0.019539945), (316, 0.035123218), (323, 0.1070464), (364, 0.041235443), (377, 0.03234486), (423, 0.017315637), (456, 0.097905226), (457, 0.020498503), (537, 0.019881912), (543, 0.023122536), (565, 0.12965281), (567, 0.015143504), (568, 0.03641695), (711, 0.018535322), (727, 0.02570383), (765, 0.032235924), (791, 0.034049813), (833, 0.08643566)]"
59,2017-10-23T20:11:12+0000,"[(28, 0.027859218), (49, 0.020428794), (73, 0.10663576), (201, 0.087677024), (222, 0.022278659), (241, 0.10347974), (291, 0.022663299), (385, 0.02478222), (413, 0.07448334), (546, 0.022002915), (567, 0.10504585), (607, 0.03127819), (612, 0.033175234), (625, 0.056943793), (628, 0.022589501), (684, 0.020821882), (692, 0.022034101), (771, 0.0628654), (801, 0.02820035), (873, 0.07572775)]"
60,2020-09-29T15:55:01+0000,"[(125, 0.030193554), (684, 0.020718554), (791, 0.93162465), (827, 0.014425862)]"
61,2014-01-02T12:38:05+0000,"[(20, 0.057983235), (28, 0.022805387), (205, 0.019002048), (217, 0.034615017), (222, 0.050796557), (249, 0.032006215), (315, 0.018415967), (502, 0.05328092), (588, 0.082612716), (765, 0.07416854), (820, 0.016399782), (822, 0.2710981), (874, 0.021628829), (918, 0.07999718), (936, 0.10095285), (988, 0.048102394)]"
62,2019-01-11T18:29:51+0000,"[(767, 0.99000984)]"
63,2016-12-14T04:06:02+0000,"[(180, 0.84199417), (434, 0.14634876)]"
64,2013-05-31T17:12:25+0000,"[(234, 0.31842953), (517, 0.6711744)]"
65,2020-04-13T21:08:49+0000,"[(812, 0.9951504)]"
66,2021-02-22T13:30:41+0000,"[(73, 0.9781968), (873, 0.016862206)]"
67,2014-04-07T20:24:50+0000,"[(468, 0.99291444)]"
68,2012-11-01T19:27:00+0000,"[(38, 0.019804163), (71, 0.017328717), (421, 0.014431776), (526, 0.018001188), (546, 0.012974684), (588, 0.60324764), (607, 0.010150887), (673, 0.11135684), (727, 0.023682551), (763, 0.01720941), (783, 0.010360622), (846, 0.02369727), (858, 0.04326261), (873, 0.016733306), (939, 0.013251928)]"
69,2007-05-04T02:46:24+0000,"[(134, 0.8249322), (276, 0.019770054), (924, 0.15132543)]"
70,2019-06-09T20:35:14+0000,"[(894, 0.9961278)]"
71,2020-02-14T16:54:58+0000,"[(70, 0.010578367), (121, 0.039276488), (123, 0.017675558), (481, 0.8725588), (711, 0.010032087), (861, 0.02712349)]"
72,2009-07-28T16:50:50+0000,"[(181, 0.13795325), (323, 0.0556129), (571, 0.11117138), (670, 0.11111031), (735, 0.060539894), (861, 0.411695), (911, 0.056683667)]"
73,2007-04-16T17:48:42+0000,"[(577, 0.9873541)]"
74,2017-10-24T09:26:38+0000,"[(858, 0.99212503)]"
75,2016-07-08T09:29:58-0400,"[(709, 0.030533087), (870, 0.9492182)]"
76,2011-09-07T14:51:39+0000,"[(110, 0.05887476), (181, 0.27102202), (323, 0.09608808), (479, 0.058880173), (589, 0.08862311), (590, 0.058880348), (666, 0.058884315), (783, 0.07117322), (853, 0.120451845), (924, 0.058882684)]"
77,2020-12-23T16:13:36+0000,"[(561, 0.99021345)]"
78,2012-07-18T16:51:47+0000,"[(11, 0.13384661), (123, 0.026339753), (304, 0.17978916), (308, 0.02634251), (386, 0.08328442), (441, 0.026343353), (445, 0.12515096), (456, 0.029569546), (490, 0.026343549), (494, 0.11489154), (574, 0.028345065), (773, 0.14593409), (961, 0.027825125)]"
79,2009-08-17T18:49:35+0000,"[(225, 0.05860158), (228, 0.23293841), (531, 0.13512756), (718, 0.06256404), (763, 0.06254914), (783, 0.017620964), (822, 0.06426509), (839, 0.304326)]"
80,2019-01-21T14:51:25+0000,"[(71, 0.21683118), (121, 0.092149295), (337, 0.06925878), (519, 0.115766294), (591, 0.05883843), (631, 0.058887225), (740, 0.11592189), (803, 0.07810053), (855, 0.07168925), (868, 0.06431016)]"
81,2007-07-18T18:09:35+0000,"[(417, 0.9970958)]"
82,2020-06-09T06:27:35+0000,"[(65, 0.16368835), (194, 0.1832614), (470, 0.09668308), (555, 0.055610325), (574, 0.15323289), (685, 0.21218261), (939, 0.08016809)]"
83,2020-06-29T23:01:54+0000,"[(252, 0.8909094), (356, 0.10463268)]"
84,2012-10-01T20:39:00+0000,
85,2010-06-28T18:32:18+0000,"[(119, 0.03559753), (252, 0.36173388), (332, 0.08934314), (420, 0.09602237), (628, 0.21358001), (709, 0.12088119)]"
86,2017-01-24T23:15:09+0000,"[(457, 0.99048537)]"
87,2015-02-13T22:39:51+0000,"[(42, 0.36734173), (123, 0.056169476), (323, 0.05483244), (423, 0.20182544), (470, 0.07375702), (851, 0.13134925), (857, 0.05266562)]"
88,2014-12-05T15:35:11+0000,"[(226, 0.043102715), (242, 0.12450062), (462, 0.42962587), (519, 0.083176635), (861, 0.17799318), (875, 0.057521988), (916, 0.048610542)]"
89,2016-09-20T11:24:53+0000,"[(35, 0.018291406), (88, 0.012562083), (124, 0.023709143), (150, 0.01984269), (202, 0.07184677), (252, 0.14670594), (397, 0.019219939), (416, 0.027507694), (440, 0.12885389), (445, 0.059751023), (574, 0.033974893), (596, 0.021027675), (604, 0.041139908), (607, 0.0549236), (630, 0.033837236), (673, 0.1200091), (680, 0.018272066), (740, 0.031393923), (776, 0.033102766), (833, 0.017851265), (963, 0.05063225)]"
90,2011-06-07T17:57:49+0000,"[(965, 0.9928641)]"
91,2021-10-18T08:00:25+0000,"[(20, 0.11303576), (88, 0.05876589), (153, 0.026262183), (170, 0.029783202), (309, 0.022753783), (402, 0.07960716), (448, 0.02216138), (533, 0.024610966), (589, 0.04131659), (599, 0.0735148), (652, 0.0218748), (765, 0.02452998), (796, 0.02664348), (812, 0.072941616), (833, 0.032562193), (863, 0.112710424), (917, 0.105663225), (918, 0.04006282), (939, 0.02616252), (999, 0.022741714)]"
92,2016-02-05T16:37:00+0000,"[(42, 0.05625545), (79, 0.019074908), (162, 0.046676), (194, 0.040367924), (241, 0.017951312), (252, 0.070023015), (280, 0.08162429), (336, 0.026556185), (385, 0.08466349), (413, 0.051567923), (525, 0.01648979), (528, 0.016432423), (599, 0.05441741), (687, 0.030205913), (846, 0.2373381), (870, 0.030576762), (936, 0.027535608), (956, 0.07497274)]"
93,2015-10-12T05:13:49+0000,"[(555, 0.98858416)]"
94,2015-03-29T03:13:57+0000,"[(35, 0.9918109)]"
95,2012-10-02T18:23:00+0000,"[(41, 0.015208392), (65, 0.8582915), (846, 0.039213706), (872, 0.013714146), (911, 0.032323454)]"
96,2018-11-30T11:38:30+0000,"[(537, 0.9935547)]"
97,2016-07-22T11:44:12+0000,"[(424, 0.028820477), (555, 0.012934247), (567, 0.022550767), (589, 0.050607424), (628, 0.8681383)]"
98,2011-11-17T11:50:06+0000,"[(181, 0.11913776), (526, 0.08625744), (574, 0.13491574), (647, 0.11815031), (711, 0.06436106), (725, 0.14378811), (865, 0.17966326), (911, 0.02895676), (917, 0.06646787)]"
99,2021-02-19T16:48:01+0000,"[(783, 0.025218273), (991, 0.9642153)]"
100,2014-08-21T08:59:31+0000,"[(321, 0.023604682), (364, 0.10047116), (386, 0.040890392), (404, 0.05609961), (653, 0.042423584), (684, 0.01586229), (706, 0.06735156), (735, 0.08808457), (783, 0.053521942), (858, 0.16918269), (862, 0.30840123)]"
101,2018-02-13T05:00:00+0000,"[(86, 0.99657434)]"
102,2012-10-09T06:12:00+0000,"[(17, 0.05819433), (36, 0.106130265), (86, 0.021039303), (125, 0.14747241), (172, 0.08074466), (249, 0.04872074), (304, 0.03091989), (316, 0.027732585), (457, 0.056363225), (472, 0.09677654), (627, 0.02111636), (631, 0.034198456), (687, 0.02022827), (743, 0.039264347), (800, 0.020234283), (820, 0.011312059), (875, 0.022352438), (937, 0.02906714), (951, 0.03181852), (967, 0.067936435)]"
103,2008-03-18T01:15:41+0000,"[(88, 0.023271289), (119, 0.014674852), (159, 0.010361358), (194, 0.039507434), (291, 0.0107432), (410, 0.04111348), (577, 0.014665675), (604, 0.02406529), (661, 0.042394377), (685, 0.0132830115), (846, 0.04163421), (858, 0.04795288), (868, 0.5388751), (895, 0.022349216), (911, 0.017016662)]"
104,2007-08-16T21:27:50+0000,"[(20, 0.033614032), (76, 0.25070015), (272, 0.03584336), (321, 0.029642861), (385, 0.04468047), (402, 0.03239105), (500, 0.0320042), (531, 0.030310903), (561, 0.030756809), (596, 0.034565724), (604, 0.07671124), (835, 0.030336447), (846, 0.07042539), (851, 0.0485646), (865, 0.099572845), (939, 0.090056665)]"
105,2015-10-16T17:21:29+0000,"[(97, 0.032293648), (252, 0.2375247), (253, 0.0681545), (304, 0.03817166), (316, 0.03685836), (332, 0.073399365), (468, 0.033266865), (531, 0.07132119), (589, 0.13138561), (590, 0.046737522), (824, 0.1238903), (873, 0.03471227), (924, 0.032288935)]"
106,2017-11-08T12:52:00+0000,"[(19, 0.12173236), (86, 0.03965439), (153, 0.02368162), (173, 0.1391898), (304, 0.026898522), (318, 0.048936162), (347, 0.023420548), (402, 0.023579339), (440, 0.07716119), (528, 0.028222846), (577, 0.18002166), (597, 0.06500426), (765, 0.05065607), (800, 0.026246428), (873, 0.04857961), (881, 0.029068988), (963, 0.026096815)]"
107,2018-05-09T14:37:57+0000,"[(20, 0.05284108), (134, 0.02891456), (200, 0.067337126), (202, 0.15713583), (274, 0.026515007), (367, 0.032201253), (386, 0.056560762), (571, 0.12504275), (645, 0.026917597), (652, 0.09321109), (822, 0.070505224), (840, 0.04926337), (857, 0.04476715), (907, 0.04260137), (928, 0.095632054)]"
108,2017-04-27T19:23:42+0000,"[(833, 0.992854)]"
109,2011-06-13T21:32:25+0000,"[(229, 0.10004869), (374, 0.061295956), (397, 0.05005246), (479, 0.051148962), (486, 0.05874174), (502, 0.055738773), (590, 0.14896181), (699, 0.16075428), (739, 0.062159598), (917, 0.050036717), (939, 0.15160418)]"
110,2016-07-21T18:59:41+0000,"[(46, 0.9934704)]"
111,2013-05-20T17:39:16+0000,"[(73, 0.20968069), (159, 0.7239923), (922, 0.057130016)]"
112,2020-09-06T18:58:46+0000,"[(316, 0.9954173)]"
113,2017-06-26T15:12:46+0000,"[(28, 0.020337474), (30, 0.018353838), (70, 0.03534119), (73, 0.024613006), (217, 0.044558626), (253, 0.11442669), (268, 0.06944914), (287, 0.031918913), (367, 0.025065636), (391, 0.01860759), (424, 0.08467424), (589, 0.22931659), (628, 0.019066354), (630, 0.03968711), (673, 0.11102237), (767, 0.01963345), (836, 0.052171353), (861, 0.024820901)]"
114,2017-09-06T07:25:38+0000,"[(61, 0.989569)]"
115,2011-08-16T01:13:41+0000,"[(751, 0.011566612), (928, 0.98262733)]"
116,2020-02-28T20:36:23+0000,"[(33, 0.017200205), (123, 0.011384178), (136, 0.8847634), (138, 0.014037821), (911, 0.014033626), (939, 0.03634458), (972, 0.011311334)]"
117,2011-03-30T20:25:57+0000,"[(336, 0.9960718)]"
118,2015-09-25T10:00:00+0000,"[(11, 0.99248856)]"
119,2013-04-09T21:52:09+0000,"[(423, 0.9971374)]"
120,2007-11-12T14:23:23+0000,"[(747, 0.99482375)]"
121,2020-02-20T03:08:38+0000,"[(801, 0.9936368)]"
122,2008-06-11T16:42:59+0000,"[(11, 0.052672725), (41, 0.09933942), (253, 0.13023934), (440, 0.3018639), (554, 0.05267602), (800, 0.09814113), (928, 0.21270092)]"
123,2018-11-07T10:46:58+0000,"[(546, 0.9950046)]"
124,2013-03-11T16:59:38+0000,"[(28, 0.02266963), (205, 0.028242944), (232, 0.022612365), (336, 0.12876558), (386, 0.046577517), (420, 0.14244406), (470, 0.050455324), (481, 0.039042797), (577, 0.083865196), (607, 0.04873776), (647, 0.023170153), (711, 0.028103765), (747, 0.07452662), (846, 0.1647783), (911, 0.024034102), (921, 0.029236373), (963, 0.021768808)]"
125,2016-09-23T09:16:52+0000,"[(64, 0.013489516), (170, 0.016299782), (180, 0.040552128), (194, 0.105163924), (316, 0.01356932), (332, 0.0132017005), (434, 0.038782068), (574, 0.06171269), (706, 0.014744204), (727, 0.2548073), (735, 0.04175728), (739, 0.06193701), (743, 0.03986487), (840, 0.036156874), (858, 0.16127007), (894, 0.020750817), (911, 0.03754066), (961, 0.015966507)]"
126,2021-09-09T11:40:58+0000,"[(28, 0.19700348), (101, 0.1994224), (395, 0.10009172), (846, 0.100095734), (898, 0.10308129), (916, 0.19541962)]"
127,2011-05-19T17:45:37+0000,"[(309, 0.05954313), (356, 0.25072953), (457, 0.088035874), (543, 0.06673469), (658, 0.06433207), (711, 0.16290104), (739, 0.09464902), (857, 0.06796343), (993, 0.07903584)]"
128,2013-07-28T11:00:00+0000,"[(67, 0.94070786), (795, 0.05334879)]"
129,2016-08-20T08:11:46+0000,"[(686, 0.99477565)]"
130,2020-09-16T03:07:16+0000,"[(225, 0.9937776)]"
131,2020-11-12T00:23:38+0000,"[(42, 0.025364501), (217, 0.060436405), (241, 0.076120615), (253, 0.034539238), (318, 0.13538758), (386, 0.092074975), (404, 0.044436764), (456, 0.0679219), (547, 0.02560067), (592, 0.022243617), (631, 0.047871105), (868, 0.028937887), (881, 0.022790845), (923, 0.29016456)]"
132,2008-03-14T09:54:35+0000,"[(30, 0.050004054), (124, 0.11480626), (242, 0.16698983), (280, 0.05070213), (288, 0.04819705), (386, 0.08623085), (422, 0.09528295), (426, 0.051889002), (601, 0.18157439), (991, 0.10717396)]"
133,2017-03-13T13:30:24+0000,"[(36, 0.06600259), (981, 0.9219684)]"
134,2019-03-27T16:51:47+0000,"[(795, 0.98869747)]"
135,2014-03-18T12:56:09+0000,"[(224, 0.07292527), (315, 0.06872945), (323, 0.032089625), (395, 0.0749946), (533, 0.036953136), (563, 0.09210073), (567, 0.034536924), (568, 0.08416072), (652, 0.031295598), (895, 0.106681935), (914, 0.03960485), (917, 0.1059275), (965, 0.053341627), (981, 0.13271913)]"
136,2019-02-01T07:02:21+0000,"[(61, 0.14568765), (194, 0.20993252), (281, 0.24220313), (445, 0.16164285), (470, 0.09390567), (936, 0.07526429)]"
137,2016-09-09T09:17:00+0000,"[(150, 0.042022057), (158, 0.03307354), (194, 0.02852562), (241, 0.06574561), (272, 0.016586706), (374, 0.048326932), (421, 0.018464094), (434, 0.07434086), (539, 0.24543244), (684, 0.013234908), (700, 0.13309504), (709, 0.017940333), (727, 0.06798137), (917, 0.083655514), (956, 0.016423149), (965, 0.04157521), (972, 0.036185943)]"
138,2021-05-07T13:10:06+0000,"[(604, 0.9965904)]"
139,2017-01-30T14:06:33+0000,"[(48, 0.017470676), (76, 0.031966764), (101, 0.030493986), (159, 0.020444335), (323, 0.0316601), (386, 0.03198605), (416, 0.017187985), (434, 0.04879391), (444, 0.018114991), (445, 0.11091196), (462, 0.017351788), (490, 0.016413465), (526, 0.030579312), (529, 0.018322486), (561, 0.0730925), (607, 0.016361307), (628, 0.01734868), (653, 0.114352316), (685, 0.07721646), (858, 0.15586738), (868, 0.051339567), (961, 0.036416348)]"
140,2011-07-18T07:54:48+0000,"[(11, 0.05846559), (61, 0.050320573), (71, 0.0705737), (274, 0.09192438), (316, 0.13555226), (416, 0.0412728), (426, 0.05832143), (494, 0.050720815), (500, 0.059624653), (543, 0.04766005), (604, 0.04970476), (652, 0.09078714), (709, 0.052803785), (922, 0.09530474)]"
141,2021-02-11T21:53:14+0000,"[(367, 0.07301804), (494, 0.92216045)]"
142,2012-01-11T14:38:47+0000,"[(19, 0.012576074), (162, 0.071280435), (166, 0.06571068), (341, 0.12253144), (367, 0.032057345), (386, 0.07828342), (414, 0.015054425), (423, 0.03416167), (445, 0.10657463), (481, 0.07541326), (516, 0.015584702), (524, 0.012512318), (529, 0.014793828), (543, 0.027547287), (561, 0.033393137), (588, 0.0159178), (601, 0.013863127), (663, 0.012509396), (684, 0.046536725), (794, 0.012981248), (846, 0.018104373), (851, 0.04096301), (865, 0.09995161)]"
143,2017-02-02T23:10:50+0000,"[(42, 0.048394963), (71, 0.24480367), (234, 0.1295107), (379, 0.04767646), (385, 0.082261525), (525, 0.14726052), (566, 0.047669448), (673, 0.047545142), (863, 0.010866425), (895, 0.052214745), (907, 0.09468887)]"
144,2016-11-30T20:06:08+0000,"[(685, 0.9915334)]"
145,2018-06-06T16:30:41+0000,"[(921, 0.99248827)]"
146,2016-01-11T11:29:03-0500,"[(38, 0.013156289), (41, 0.010011885), (101, 0.017239187), (124, 0.506943), (150, 0.013105098), (318, 0.013522181), (462, 0.0112395445), (500, 0.015159832), (542, 0.025716137), (561, 0.013595983), (568, 0.023488868), (589, 0.041424297), (604, 0.015989237), (627, 0.018470936), (661, 0.064822786), (747, 0.018023107), (771, 0.017245784), (800, 0.011611698), (846, 0.013338678), (923, 0.023631923)]"
147,2014-11-29T12:21:36+0000,"[(17, 0.020191874), (86, 0.067968145), (97, 0.019415088), (386, 0.10498466), (424, 0.056341097), (457, 0.015977044), (470, 0.020313028), (478, 0.07587102), (594, 0.0448372), (625, 0.03523832), (630, 0.018887658), (652, 0.13060334), (743, 0.019440712), (796, 0.040817633), (812, 0.022950698), (822, 0.026453117), (824, 0.11079329), (867, 0.018536787), (914, 0.019393144), (981, 0.019372622), (988, 0.09313527)]"
148,2020-09-17T15:57:50+0000,"[(783, 0.9890013)]"
149,2011-02-07T23:10:42+0000,"[(79, 0.051230874), (159, 0.0153015945), (274, 0.027686864), (304, 0.13882127), (356, 0.037002895), (364, 0.015017236), (445, 0.05819281), (494, 0.018797567), (563, 0.018277902), (590, 0.08327375), (604, 0.10120499), (631, 0.03368203), (743, 0.015351627), (763, 0.016224515), (846, 0.15481001), (894, 0.05637998), (936, 0.08469282), (939, 0.020790393), (955, 0.039393503)]"
150,2015-04-13T16:16:05+0000,"[(785, 0.99468595)]"
151,2012-11-05T06:36:34+0000,"[(194, 0.04800192), (374, 0.080173835), (500, 0.15593578), (680, 0.090952516), (684, 0.045500427), (712, 0.05144935), (725, 0.29746297), (857, 0.03180255), (939, 0.09252674), (956, 0.061189495)]"
152,2020-12-04T18:28:39+0000,"[(73, 0.84774023), (138, 0.05742928), (386, 0.014792775), (591, 0.028091175), (706, 0.03702863)]"
153,2020-10-14T09:48:51+0000,"[(680, 0.9931574)]"
154,2009-04-01T14:20:14+0000,"[(961, 0.995599)]"
155,2016-07-08T13:34:27+0000,"[(79, 0.038294714), (110, 0.04347398), (199, 0.08420591), (201, 0.023466581), (229, 0.035844967), (242, 0.09844498), (250, 0.106483266), (253, 0.019270238), (288, 0.0138230985), (291, 0.034856796), (304, 0.021494778), (478, 0.018990137), (524, 0.026517775), (706, 0.05481767), (711, 0.052921437), (733, 0.06412334), (740, 0.036208834), (765, 0.07112553), (796, 0.0193849), (816, 0.03678938), (928, 0.08286483)]"
156,2016-04-28T20:26:47+0000,"[(793, 0.99275887)]"
157,2012-10-08T10:56:30+0000,
158,2020-07-28T15:00:07+0000,"[(71, 0.8836533), (181, 0.016513629), (666, 0.020710727), (796, 0.022586312), (939, 0.043645766)]"
159,2018-02-26T06:41:19+0000,"[(519, 0.9954795)]"
160,2009-08-20T15:32:56+0000,"[(249, 0.99146134)]"
161,2016-03-14T19:58:52+0000,"[(13, 0.022927364), (123, 0.023189668), (166, 0.12566878), (181, 0.09310153), (335, 0.021520529), (428, 0.022409841), (563, 0.024236834), (568, 0.048889175), (591, 0.10538543), (607, 0.110241726), (666, 0.020854296), (788, 0.10278976), (833, 0.059131898), (865, 0.14557414), (867, 0.022205766), (911, 0.031369496)]"
162,2016-12-12T20:19:03+0000,"[(162, 0.9948099)]"
163,2015-08-03T10:18:40+0000,"[(38, 0.07076145), (51, 0.01821228), (66, 0.038626634), (86, 0.01720427), (134, 0.08326859), (341, 0.032725204), (386, 0.1965526), (468, 0.049440965), (470, 0.082549974), (526, 0.037428096), (591, 0.08779581), (631, 0.04110083), (658, 0.014931764), (727, 0.03918921), (741, 0.0194515), (783, 0.014928094), (800, 0.023537604), (883, 0.04223917), (931, 0.013125027), (939, 0.018230712), (955, 0.026333151), (974, 0.017351398)]"
164,2010-11-12T18:28:03+0000,"[(172, 0.026930206), (276, 0.017620377), (341, 0.023116536), (591, 0.013116927), (709, 0.01021726), (881, 0.8331834)]"
165,2007-01-18T19:57:17+0000,"[(500, 0.99288046)]"
166,2016-10-12T09:45:55+0000,"[(41, 0.029796159), (42, 0.041797232), (67, 0.10803725), (125, 0.061238512), (201, 0.041319266), (364, 0.0886405), (386, 0.048897766), (563, 0.052914362), (571, 0.013921432), (711, 0.016584745), (725, 0.060522825), (767, 0.036611374), (773, 0.017787324), (820, 0.023094976), (822, 0.016310837), (839, 0.017836072), (870, 0.08147404), (937, 0.18982334), (981, 0.037520602)]"
167,2011-03-02T13:08:52+0000,"[(495, 0.9912961)]"
168,2011-06-11T19:58:27+0000,"[(123, 0.011892809), (266, 0.059159495), (509, 0.13340968), (567, 0.124790385), (627, 0.06672486), (680, 0.066740684), (706, 0.06672618), (796, 0.13340507), (874, 0.066726945), (910, 0.06673536), (961, 0.07109998), (965, 0.066710934)]"
169,2014-04-24T04:08:05+0000,"[(125, 0.06908332), (170, 0.032755073), (323, 0.03432672), (335, 0.10991522), (434, 0.10751721), (517, 0.05048327), (629, 0.0320509), (684, 0.03925058), (735, 0.0623162), (754, 0.06972819), (796, 0.030677853), (840, 0.02074204), (863, 0.056215532), (914, 0.057284232), (922, 0.052122798), (936, 0.08081651), (937, 0.07423194)]"
170,2012-07-10T18:59:14+0000,"[(194, 0.1807591), (226, 0.104659066), (414, 0.1318256), (516, 0.114661135), (767, 0.19551468), (872, 0.16882114)]"
171,2015-06-16T12:56:19+0000,"[(883, 0.98980594)]"
172,2009-09-25T13:31:52+0000,"[(846, 0.04443236), (936, 0.94823307)]"
173,2014-05-08T14:53:51+0000,"[(36, 0.30869254), (61, 0.07688582), (194, 0.02855593), (240, 0.01755857), (268, 0.029659098), (309, 0.018164014), (323, 0.07150031), (386, 0.04495741), (424, 0.021636263), (539, 0.14110708), (590, 0.03184908), (763, 0.07240652), (824, 0.04310936), (883, 0.018119443), (981, 0.058514655)]"
174,2009-07-14T20:07:09+0000,"[(73, 0.016461402), (194, 0.03909471), (404, 0.013906146), (410, 0.041663412), (422, 0.03589133), (543, 0.042809226), (555, 0.030267138), (567, 0.014088069), (588, 0.035914272), (590, 0.09804989), (599, 0.06999665), (629, 0.019632451), (645, 0.05727359), (709, 0.092110425), (846, 0.06694239), (851, 0.09159121), (858, 0.12982582), (865, 0.07332456), (894, 0.017528672)]"
175,2019-09-26T09:27:32+0000,"[(64, 0.024238607), (124, 0.05664476), (125, 0.027967453), (158, 0.027092628), (162, 0.067679666), (241, 0.07308731), (253, 0.19310474), (296, 0.047654193), (418, 0.027069038), (459, 0.11288852), (468, 0.025363002), (495, 0.033269297), (547, 0.027447386), (735, 0.02672143), (800, 0.08588302), (895, 0.061797775), (922, 0.0586804)]"
176,2013-02-28T11:47:45+0000,"[(159, 0.68701863), (180, 0.04053178), (385, 0.027479697), (440, 0.0168269), (599, 0.015286966), (627, 0.03186707), (709, 0.034397867), (858, 0.079291165), (911, 0.011550775), (939, 0.015298567), (965, 0.0116896955)]"
177,2012-09-24T21:22:51+0000,"[(79, 0.107490994), (474, 0.032285426), (519, 0.08376615), (546, 0.22513093), (555, 0.053348627), (596, 0.058000132), (600, 0.032287847), (658, 0.029660769), (751, 0.062094457), (875, 0.10511366), (937, 0.07474402), (955, 0.104092635)]"
178,2015-10-14T18:20:54+0000,"[(631, 0.98889977)]"
179,2012-09-10T00:02:03+0000,"[(38, 0.091756195), (201, 0.07530243), (226, 0.091502026), (304, 0.09204423), (434, 0.46009484), (546, 0.10501356)]"
180,2019-06-04T00:48:42+0000,"[(158, 0.9928642)]"
181,2019-03-12T14:43:17+0000,"[(19, 0.99001265)]"
182,2009-07-06T19:41:44+0000,"[(13, 0.17589563), (35, 0.1627577), (71, 0.08063781), (250, 0.07698332), (567, 0.07700119), (577, 0.14626226), (783, 0.13598904), (924, 0.068158865)]"
183,2017-02-03T13:01:52+0000,"[(341, 0.031546377), (788, 0.9487153)]"
184,2017-10-12T11:20:30+0000,
185,2007-03-15T01:22:09+0000,"[(30, 0.013558834), (242, 0.02258147), (479, 0.93094164), (851, 0.016120872)]"
186,2012-10-26T04:59:00+0000,"[(607, 0.9911703)]"
187,2015-03-25T16:57:43+0000,"[(51, 0.042698305), (153, 0.05226395), (172, 0.019080516), (239, 0.053054158), (423, 0.04397499), (424, 0.08624383), (495, 0.07775882), (563, 0.057775527), (599, 0.020776195), (661, 0.20047238), (822, 0.12915567), (833, 0.022006257), (873, 0.03859452), (918, 0.10998544), (967, 0.022104472)]"
188,2011-02-18T00:01:57+0000,"[(181, 0.16466166), (404, 0.079415336), (806, 0.16674837), (839, 0.26053), (898, 0.2429607)]"
189,2021-04-19T13:06:24+0000,"[(955, 0.99136525)]"
190,2007-11-14T21:36:16+0000,"[(11, 0.12331222), (33, 0.046171606), (181, 0.16583073), (321, 0.040697172), (424, 0.060877707), (596, 0.04351582), (700, 0.048503317), (734, 0.043523274), (743, 0.08567053), (747, 0.044862848), (776, 0.09012055), (840, 0.04352015), (961, 0.12047381)]"
191,2021-07-27T14:17:49+0000,"[(138, 0.9962847)]"
192,2015-07-04T15:28:03+0000,"[(318, 0.99471414)]"
193,2020-07-30T16:35:10+0000,"[(733, 0.9962442)]"
194,2014-02-12T14:24:15+0000,"[(41, 0.05339056), (153, 0.039159402), (242, 0.016237456), (289, 0.018458525), (347, 0.0153116), (413, 0.032882497), (429, 0.013528784), (444, 0.04220738), (490, 0.013529259), (495, 0.015472378), (567, 0.045148686), (568, 0.031681743), (574, 0.019993689), (630, 0.07315123), (666, 0.027041534), (673, 0.10439077), (732, 0.29548037), (788, 0.028103849), (993, 0.09463686)]"
195,2012-10-02T13:35:00+0000,"[(291, 0.99751484)]"
196,2021-06-17T13:36:06+0000,"[(42, 0.99494994)]"
197,2017-08-04T09:36:11+0000,"[(110, 0.064472646), (125, 0.05317639), (162, 0.11663611), (201, 0.019528005), (274, 0.019957935), (330, 0.05004917), (367, 0.046779007), (385, 0.05009452), (577, 0.090102434), (765, 0.040157374), (800, 0.016015178), (865, 0.05765172), (870, 0.095986456), (872, 0.09314718), (911, 0.100811966), (921, 0.0156213315), (939, 0.054450583)]"
198,2018-06-07T15:06:40+0000,"[(873, 0.9882394)]"
199,2012-06-11T16:32:50+0000,"[(119, 0.045195807), (125, 0.10597275), (318, 0.118908316), (386, 0.08100493), (426, 0.22931708), (468, 0.040436182), (588, 0.052753106), (604, 0.04222651), (673, 0.043198526), (776, 0.08361267), (851, 0.11780739)]"
200,2011-01-27T22:45:01+0000,"[(121, 0.13483267), (170, 0.07054134), (181, 0.24302141), (299, 0.16395727), (567, 0.011211095), (658, 0.06673663), (777, 0.10407066), (803, 0.1394748)]"
201,2015-05-09T18:00:00+0000,"[(395, 0.9947692)]"
202,2014-08-25T21:02:12+0000,"[(420, 0.9951338)]"
203,2008-05-07T22:43:32+0000,"[(41, 0.14907582), (206, 0.07043216), (280, 0.15316242), (336, 0.078253165), (356, 0.3238691), (577, 0.047083274), (776, 0.11681061)]"
204,2018-06-12T12:37:08+0000,"[(937, 0.9881069)]"
205,2015-07-24T22:13:30+0000,"[(574, 0.99057436)]"
206,2015-08-24T01:00:15+0000,"[(840, 0.013765645), (846, 0.97716135)]"
207,2017-05-28T19:12:49+0000,"[(574, 0.044770837), (577, 0.050171815), (590, 0.030216789), (612, 0.8531821), (840, 0.010333672)]"
208,2019-05-13T13:51:01+0000,"[(967, 0.9956564)]"
209,2013-04-17T16:11:36+0000,"[(806, 0.9916748)]"
210,2012-10-02T15:00:00+0000,"[(711, 0.9972997)]"
211,2014-07-18T12:39:41+0000,"[(239, 0.022484895), (241, 0.101427816), (249, 0.018397335), (252, 0.032741856), (374, 0.059027992), (385, 0.15898862), (408, 0.10601274), (555, 0.051539484), (577, 0.051242355), (590, 0.07195218), (599, 0.043377947), (684, 0.027343811), (727, 0.10462771), (771, 0.030306505), (840, 0.060219016), (917, 0.04493211)]"
212,2012-10-03T15:24:00+0000,"[(22, 0.24058232), (276, 0.15751737), (288, 0.5707024), (641, 0.017242111)]"
213,2011-10-27T23:36:57+0000,"[(110, 0.095753886), (242, 0.03479826), (280, 0.13870676), (318, 0.06520593), (386, 0.031665042), (428, 0.087507986), (456, 0.08614444), (494, 0.031378005), (577, 0.15243046), (625, 0.044851694), (743, 0.027826564), (955, 0.042256434), (972, 0.13405472)]"
214,2008-12-02T23:03:21+0000,"[(11, 0.02134512), (68, 0.020197457), (166, 0.025771601), (217, 0.02747673), (249, 0.017853966), (273, 0.029597973), (280, 0.032758474), (412, 0.11337969), (415, 0.04656905), (495, 0.12726785), (542, 0.085642196), (599, 0.06840552), (670, 0.025649732), (720, 0.050281916), (788, 0.053157516), (800, 0.01920101), (851, 0.100029096), (858, 0.034504835), (896, 0.017877463), (958, 0.022426592), (974, 0.043025102)]"
215,2015-06-20T13:53:30+0000,"[(423, 0.93894446), (577, 0.05280659)]"
216,2016-03-16T23:11:42+0000,"[(30, 0.018841296), (76, 0.029193724), (119, 0.059852358), (229, 0.0241374), (241, 0.07156915), (281, 0.046830766), (479, 0.08909247), (528, 0.29707205), (542, 0.02556135), (566, 0.048386075), (684, 0.09931906), (712, 0.023428198), (725, 0.025687084), (727, 0.06919889), (783, 0.024881948), (910, 0.02507585)]"
217,2021-03-30T12:27:27+0000,"[(773, 0.9920078)]"
218,2017-12-13T21:31:38+0000,"[(577, 0.07307436), (993, 0.91957015)]"
219,2013-05-14T12:02:00+0000,"[(402, 0.9881069)]"
220,2011-03-31T10:00:22+0000,"[(412, 0.99333584)]"
221,2018-10-31T10:38:22+0000,"[(20, 0.010359003), (48, 0.021091929), (70, 0.015503132), (153, 0.017456338), (225, 0.010565726), (234, 0.013035191), (249, 0.012078252), (332, 0.011068341), (391, 0.019372782), (402, 0.014467985), (418, 0.017674947), (468, 0.6299836), (502, 0.014293626), (543, 0.016026586), (568, 0.023263415), (820, 0.018260937), (922, 0.016259924), (923, 0.010925692), (937, 0.015622749)]"
222,2015-01-16T13:24:27+0000,"[(11, 0.10113854), (194, 0.13284022), (206, 0.044360127), (272, 0.048225466), (420, 0.14256288), (422, 0.04577906), (445, 0.07785384), (684, 0.04352336), (737, 0.14117448), (873, 0.07931383), (907, 0.04351193), (918, 0.05675421)]"
223,2019-08-25T19:04:53+0000,"[(386, 0.9904855)]"
224,2016-06-20T10:00:00+0000,"[(589, 0.9901085)]"
225,2013-03-25T16:49:04+0000,"[(119, 0.035925757), (121, 0.033363137), (153, 0.03335953), (222, 0.037248146), (421, 0.03890195), (474, 0.03336804), (519, 0.08013715), (612, 0.10931884), (711, 0.049669825), (725, 0.12731907), (801, 0.06669756), (895, 0.05710515), (939, 0.092992246), (955, 0.08795733), (956, 0.08379823)]"
226,2007-11-20T23:20:17+0000,"[(13, 0.08734879), (29, 0.096146345), (97, 0.04654033), (281, 0.059154194), (336, 0.22016487), (590, 0.14551744), (806, 0.039897274), (835, 0.11116097), (875, 0.046120934), (961, 0.11127699)]"
227,2017-03-28T17:54:40+0000,"[(741, 0.99194336)]"
228,2017-05-30T01:02:20+0000,"[(173, 0.032855317), (198, 0.014427343), (228, 0.112932846), (268, 0.014591583), (280, 0.03771506), (347, 0.06770026), (434, 0.048944704), (479, 0.043316286), (537, 0.053708233), (542, 0.058978725), (543, 0.033841908), (577, 0.12429362), (727, 0.06809432), (740, 0.052188672), (791, 0.068646975), (862, 0.03522686), (928, 0.11849091)]"
229,2009-08-07T15:05:40+0000,"[(88, 0.14767691), (119, 0.12999414), (155, 0.07150033), (217, 0.07148527), (323, 0.14949174), (374, 0.15233469), (743, 0.07149404), (840, 0.07150011), (988, 0.06373107)]"
230,2012-10-24T12:00:00+0000,"[(486, 0.99517727)]"
231,2013-08-16T17:03:20+0000,"[(956, 0.9891213)]"
232,2016-06-20T15:20:56+0000,"[(765, 0.9933399)]"
233,2008-12-05T02:12:17+0000,"[(97, 0.99194336)]"
234,2011-09-26T22:57:13+0000,"[(48, 0.082348615), (101, 0.044940848), (119, 0.04396591), (181, 0.1041078), (299, 0.03269886), (456, 0.0383889), (727, 0.041338243), (735, 0.03457474), (767, 0.09918976), (816, 0.045156814), (833, 0.032611724), (835, 0.03228849), (867, 0.03229239), (894, 0.23196734), (923, 0.0723496)]"
235,2007-04-20T00:45:20+0000,"[(17, 0.089310706), (181, 0.07737635), (191, 0.046284523), (268, 0.082256585), (272, 0.096173786), (289, 0.025818704), (318, 0.072197884), (367, 0.032544505), (402, 0.062464863), (526, 0.1650282), (542, 0.046676107), (577, 0.027426442), (800, 0.051459905), (822, 0.049461383), (937, 0.021756992), (974, 0.029729303)]"
236,2012-10-03T12:47:00+0000,"[(601, 0.9952428)]"
237,2008-06-13T15:56:23+0000,"[(30, 0.98990893)]"
238,2012-10-05T17:37:00+0000,"[(202, 0.98990726)]"
239,2015-10-30T06:37:06+0000,"[(119, 0.020021597), (146, 0.020096347), (159, 0.019399157), (201, 0.02010741), (222, 0.06312455), (254, 0.018884987), (332, 0.019803662), (367, 0.034658827), (404, 0.03776261), (421, 0.05864543), (533, 0.024196355), (599, 0.109179534), (627, 0.06554239), (647, 0.1893205), (709, 0.020963859), (747, 0.11224398), (858, 0.075343415), (873, 0.07217302)]"
240,2017-03-08T19:54:28+0000,"[(70, 0.99618995)]"
241,2018-06-06T09:53:18+0000,"[(422, 0.99347043)]"
242,2008-01-24T16:35:23+0000,"[(41, 0.045728866), (217, 0.043518465), (413, 0.20371783), (459, 0.055421088), (647, 0.14285487), (739, 0.13324313), (911, 0.33233887)]"
243,2015-11-24T11:25:41+0000,"[(29, 0.023941947), (101, 0.041052215), (119, 0.06305658), (234, 0.05914145), (274, 0.059332974), (323, 0.011185379), (332, 0.07223238), (390, 0.04084394), (395, 0.119860604), (410, 0.027193617), (502, 0.022076795), (528, 0.032396022), (577, 0.056202188), (670, 0.06685483), (767, 0.058365647), (796, 0.05788402), (803, 0.02609458), (894, 0.08989169), (937, 0.052368786)]"
244,2017-02-09T10:03:23+0000,"[(173, 0.9973785)]"
245,2016-10-21T12:08:24-0400,"[(150, 0.9971516)]"
246,2020-06-15T11:48:04+0000,"[(706, 0.98889977)]"
247,2012-11-02T18:26:00+0000,"[(478, 0.9942251)]"
248,2018-12-20T13:03:48+0000,"[(822, 0.99648374)]"
249,2010-03-04T17:05:29+0000,"[(119, 0.021537546), (173, 0.016105223), (252, 0.22684534), (304, 0.06975497), (386, 0.037327547), (441, 0.015401225), (481, 0.021749495), (495, 0.024781615), (502, 0.015560355), (563, 0.01843854), (589, 0.04576967), (599, 0.016575323), (652, 0.06633537), (740, 0.055642657), (771, 0.037505563), (796, 0.017740434), (851, 0.061651543), (883, 0.016168617), (914, 0.049032766), (950, 0.15099536)]"
250,2014-10-02T19:56:18+0000,"[(73, 0.03112349), (158, 0.05655476), (180, 0.030137083), (222, 0.13519365), (252, 0.019083379), (253, 0.032785844), (321, 0.026688218), (323, 0.01629539), (374, 0.01854852), (421, 0.069212615), (445, 0.038930118), (481, 0.018118197), (645, 0.024952082), (661, 0.021553114), (670, 0.02757072), (739, 0.048513014), (740, 0.061726738), (743, 0.01750327), (777, 0.022866715), (820, 0.061984494), (827, 0.018929241), (833, 0.018788667), (868, 0.10822811), (895, 0.01436866), (910, 0.016578527), (967, 0.017442146), (972, 0.013344482)]"
251,2017-04-11T17:15:00+0000,"[(93, 0.041706555), (101, 0.043294907), (224, 0.041698955), (561, 0.53931373), (567, 0.16592744), (806, 0.042247653), (820, 0.04170751), (939, 0.041983765)]"
252,2015-04-28T16:56:26+0000,"[(51, 0.9924884)]"
253,2020-01-22T14:26:48+0000,"[(121, 0.99383235)]"
254,2021-03-15T21:39:14+0000,"[(125, 0.99479675)]"
255,2013-07-15T11:54:10+0000,"[(8, 0.07434657), (68, 0.106057964), (240, 0.026577426), (252, 0.12003409), (293, 0.025022352), (379, 0.025025535), (422, 0.027517105), (865, 0.07989607), (895, 0.02529403), (950, 0.16996142), (956, 0.06715657), (981, 0.22780995)]"
256,2019-10-15T13:32:12+0000,"[(260, 0.99657774)]"
257,2017-11-07T18:52:08+0000,"[(851, 0.027591145), (916, 0.96402204)]"
258,2015-08-06T20:00:00+0000,"[(76, 0.035688896), (170, 0.018405832), (194, 0.023234738), (281, 0.27926356), (321, 0.016462557), (336, 0.017262727), (470, 0.010855997), (577, 0.032134295), (591, 0.012498945), (604, 0.033535533), (607, 0.0138174975), (661, 0.05403206), (771, 0.01265309), (777, 0.036551233), (795, 0.03177545), (840, 0.014902903), (846, 0.07582588), (858, 0.061927874), (865, 0.020834034), (870, 0.03132814), (911, 0.028529039)]"
259,2013-10-25T22:51:10+0000,"[(367, 0.98781675)]"
260,2012-10-03T06:01:00+0000,"[(148, 0.99758327)]"
261,2019-09-24T22:23:26+0000,"[(88, 0.9043955), (341, 0.08812042)]"
262,2015-05-13T14:22:33+0000,"[(239, 0.99187887)]"
263,2012-10-03T18:53:00+0000,"[(363, 0.99563736)]"
264,2019-11-25T15:11:21+0000,"[(629, 0.9963138)]"
265,2016-03-10T01:36:05+0000,"[(627, 0.9918113)]"
266,2018-01-11T13:51:04+0000,"[(181, 0.0863035), (965, 0.90139836)]"
267,2010-09-07T21:44:38+0000,"[(470, 0.9916045)]"
268,2010-10-08T14:47:13+0000,"[(42, 0.1800472), (51, 0.061080683), (66, 0.03969996), (97, 0.03973621), (222, 0.04342441), (308, 0.03850266), (315, 0.15195861), (379, 0.11076707), (415, 0.062196534), (737, 0.083655015), (922, 0.036563568), (972, 0.11044069)]"
269,2010-08-19T19:18:53+0000,"[(134, 0.11059746), (194, 0.093936525), (356, 0.05648913), (478, 0.051926117), (565, 0.050739974), (596, 0.05098734), (740, 0.053432554), (846, 0.15476131), (851, 0.093919836), (894, 0.23370333)]"
270,2007-11-06T14:57:02+0000,"[(304, 0.058634263), (413, 0.066282906), (472, 0.3055651), (568, 0.037216213), (647, 0.08574416), (709, 0.15083471), (747, 0.05887919), (916, 0.05887532), (941, 0.058881525), (958, 0.058872912)]"
271,2012-05-17T17:04:05+0000,"[(448, 0.06673788), (470, 0.06671538), (542, 0.074935324), (568, 0.1471572), (612, 0.17953117), (801, 0.07094839), (833, 0.26123956), (939, 0.06608847)]"
272,2015-01-26T22:47:26+0000,"[(699, 0.995579)]"
273,2011-10-07T15:00:51+0000,"[(33, 0.9959717)]"
274,2015-09-28T00:19:46+0000,"[(11, 0.017261852), (41, 0.044407617), (71, 0.021735974), (414, 0.016209606), (444, 0.09804106), (519, 0.017641399), (525, 0.17987797), (533, 0.018108813), (555, 0.05682577), (583, 0.016719606), (599, 0.14742121), (684, 0.016164253), (700, 0.019046536), (732, 0.09321336), (739, 0.15247774), (796, 0.037722632), (857, 0.02014141), (939, 0.0113924565)]"
275,2020-02-06T16:28:31+0000,"[(861, 0.99623334)]"
276,2014-01-26T18:36:10+0000,"[(974, 0.98403484)]"
277,2008-12-29T17:43:45+0000,"[(138, 0.024183825), (201, 0.018203313), (318, 0.024727931), (336, 0.14934222), (415, 0.0254972), (490, 0.014943264), (517, 0.025589485), (563, 0.016503563), (591, 0.07603492), (599, 0.068566084), (612, 0.046040975), (720, 0.08208347), (771, 0.043019406), (793, 0.04870249), (801, 0.20573601), (846, 0.023429887), (911, 0.020972352), (937, 0.035414614), (939, 0.034677)]"
278,2010-02-23T21:03:25+0000,"[(252, 0.9961275)]"
279,2012-10-01T13:55:00+0000,"[(743, 0.9876664)]"
280,2014-01-20T14:00:00+0000,"[(65, 0.028751863), (172, 0.05113648), (202, 0.0566686), (250, 0.09820065), (274, 0.10208963), (346, 0.037216377), (374, 0.051632967), (414, 0.056648128), (417, 0.11520843), (418, 0.07906265), (468, 0.062460557), (546, 0.108553946), (783, 0.026105912), (911, 0.079960525), (916, 0.026450288)]"
281,2012-10-01T20:06:00+0000,
282,2020-03-31T09:50:29+0000,"[(739, 0.99646986)]"
283,2007-10-03T03:48:34+0000,"[(457, 0.974328), (751, 0.017102636)]"
284,2019-05-31T11:55:17+0000,"[(341, 0.99624383)]"
285,2020-01-27T22:17:55+0000,"[(41, 0.015312379), (252, 0.024413887), (424, 0.037847776), (445, 0.013004142), (528, 0.6273485), (546, 0.01893574), (561, 0.010329302), (577, 0.014485052), (627, 0.028154802), (645, 0.010378251), (661, 0.087030575), (739, 0.016827736), (820, 0.011288753), (894, 0.011312754), (939, 0.026666202)]"
286,2010-05-19T02:19:35+0000,"[(739, 0.11400289), (846, 0.05229371), (865, 0.05279445), (870, 0.77373695)]"
287,2012-11-01T15:59:00+0000,"[(554, 0.5651028), (978, 0.43042165)]"
288,2020-11-18T20:48:46+0000,"[(250, 0.99188167)]"
289,2016-01-20T00:00:00+0000,"[(13, 0.9933833)]"
290,2012-08-30T19:26:04+0000,"[(323, 0.45273328), (336, 0.12510243), (604, 0.01827809), (844, 0.27937976)]"
291,2020-05-04T17:58:29+0000,"[(30, 0.046609443), (125, 0.0227311), (240, 0.017890805), (272, 0.066666506), (276, 0.052281268), (429, 0.016969342), (533, 0.042863578), (537, 0.0209844), (568, 0.038219195), (727, 0.12067669), (739, 0.023817549), (785, 0.04771775), (803, 0.022152912), (865, 0.23090568), (873, 0.07126381), (936, 0.022382567), (939, 0.09808208), (956, 0.020952439)]"
292,2007-02-16T15:23:11+0000,"[(17, 0.1385123), (46, 0.045335), (202, 0.048525453), (252, 0.17053404), (418, 0.045083728), (500, 0.112245806), (542, 0.04363809), (590, 0.114379294), (631, 0.031279877), (735, 0.08005421), (862, 0.08585446), (873, 0.045028593)]"
293,2019-02-08T08:57:19+0000,"[(166, 0.9894159)]"
294,2018-04-11T08:43:15+0000,"[(17, 0.07249152), (28, 0.042075817), (119, 0.10745407), (172, 0.025182797), (191, 0.020960432), (250, 0.2513854), (252, 0.022238538), (253, 0.12290258), (291, 0.06675983), (315, 0.02518023), (395, 0.010466495), (456, 0.051708777), (791, 0.06489044), (894, 0.05577381), (939, 0.041211363)]"
295,2012-10-26T10:24:05+0000,"[(138, 0.049002416), (181, 0.2765217), (323, 0.04381092), (385, 0.107166655), (415, 0.21040787), (820, 0.17733897), (867, 0.043848556), (956, 0.048758995)]"
296,2009-04-20T13:19:42+0000,"[(30, 0.15392815), (181, 0.38041717), (590, 0.077732615), (776, 0.077539), (833, 0.08698225), (835, 0.07700129), (895, 0.070004776)]"
297,2019-10-24T11:48:02+0000,"[(119, 0.017779468), (380, 0.9465711)]"
298,2017-07-10T12:01:16+0000,"[(981, 0.9885168)]"
299,2012-10-10T09:45:00+0000,"[(264, 0.99741083)]"
300,2010-07-08T21:47:16+0000,"[(563, 0.03726218), (577, 0.10703061), (627, 0.17332956), (836, 0.1415728), (865, 0.08784816), (894, 0.21060038), (895, 0.105848424), (988, 0.10107614)]"
301,2007-09-04T17:47:18+0000,"[(542, 0.9532568), (783, 0.034656428)]"
302,2011-06-19T12:04:23+0000,"[(863, 0.9929148)]"
303,2021-03-15T01:03:39+0000,"[(816, 0.99441886)]"
304,2019-09-19T14:35:24+0000,"[(38, 0.059221957), (48, 0.029662298), (65, 0.019481603), (125, 0.1579501), (241, 0.046697438), (272, 0.019273117), (410, 0.031049386), (474, 0.017813036), (486, 0.06903786), (533, 0.06253768), (577, 0.08018633), (627, 0.068212464), (661, 0.086714275), (673, 0.024597852), (735, 0.026295066), (895, 0.017060507), (922, 0.053235844), (967, 0.11562515)]"
305,2010-07-19T21:52:34+0000,"[(90, 0.13527076), (199, 0.10449853), (321, 0.1251299), (445, 0.25716168), (481, 0.25355875)]"
306,2019-07-10T07:51:02-0400,"[(6, 0.043391775), (101, 0.0838325), (217, 0.03923581), (297, 0.030821802), (415, 0.020158052), (417, 0.08119655), (429, 0.03924128), (445, 0.05108178), (516, 0.020491594), (565, 0.022306532), (568, 0.1418325), (685, 0.15744649), (686, 0.04118137), (824, 0.04946157), (839, 0.030788371), (840, 0.016081566), (846, 0.02008148), (898, 0.052898247), (922, 0.019626714), (937, 0.01962465)]"
307,2017-11-20T16:17:49+0000,"[(8, 0.9907498)]"
308,2017-12-07T22:02:15+0000,"[(19, 0.023986448), (30, 0.017744053), (35, 0.06478043), (202, 0.024373392), (273, 0.0726863), (315, 0.08666132), (481, 0.08876361), (751, 0.07806457), (783, 0.07894096), (802, 0.023415245), (872, 0.08691091), (875, 0.18167645), (939, 0.069004975), (988, 0.025107501), (991, 0.05856592)]"
309,2012-06-22T15:47:01+0000,"[(71, 0.23788743), (101, 0.031128163), (110, 0.01668112), (225, 0.033719394), (341, 0.053887215), (356, 0.052617073), (417, 0.021779269), (567, 0.017025568), (647, 0.14805532), (653, 0.042235352), (709, 0.035725813), (793, 0.019743666), (839, 0.12292621), (862, 0.028169503), (868, 0.024623312), (873, 0.096445754)]"
310,2006-12-26T17:43:11+0000,"[(194, 0.99371684)]"
311,2011-02-17T22:45:28+0000,"[(590, 0.98776275)]"
312,2017-03-09T13:53:00+0000,"[(20, 0.039429843), (125, 0.067964725), (280, 0.0219343), (318, 0.021465838), (391, 0.021502623), (395, 0.1105189), (418, 0.09763508), (520, 0.021298358), (537, 0.022275932), (591, 0.0222734), (596, 0.04398337), (599, 0.07790906), (630, 0.02129466), (699, 0.051868413), (737, 0.02163367), (740, 0.021115184), (802, 0.08164439), (803, 0.026939452), (846, 0.121677), (873, 0.031631354), (894, 0.03316845)]"
313,2010-11-08T18:36:52+0000,"[(35, 0.1875469), (315, 0.070098706), (323, 0.076802045), (421, 0.13485691), (554, 0.16577464), (597, 0.06699491), (861, 0.2358498)]"
314,2017-07-24T05:14:30+0000,"[(851, 0.9891411)]"
315,2015-12-27T21:25:25+0000,"[(11, 0.032724988), (36, 0.07404556), (46, 0.050301842), (51, 0.082432956), (124, 0.035133474), (158, 0.016450427), (166, 0.030952629), (193, 0.042654175), (228, 0.19146736), (316, 0.090624824), (421, 0.016039109), (426, 0.028527314), (440, 0.031692546), (577, 0.029009692), (686, 0.017651167), (700, 0.06289731), (725, 0.01689118), (827, 0.046006523), (861, 0.048913725), (914, 0.017793335), (981, 0.02279416)]"
316,2019-04-30T17:14:38+0000,"[(563, 0.99474174)]"
317,2011-07-06T15:46:48+0000,"[(777, 0.9948761)]"
318,2013-10-22T20:40:32+0000,"[(30, 0.0454707), (41, 0.061244145), (119, 0.040580235), (124, 0.046918534), (180, 0.030106403), (416, 0.02293159), (519, 0.20229915), (525, 0.04826573), (687, 0.025787435), (732, 0.032187626), (820, 0.022734268), (851, 0.033766787), (875, 0.17066611), (950, 0.035504114), (955, 0.06199776), (991, 0.097170174)]"
319,2014-08-18T13:35:18+0000,"[(8, 0.07370937), (51, 0.028380917), (68, 0.012980064), (138, 0.064548686), (148, 0.041664198), (202, 0.02989468), (395, 0.021505916), (413, 0.0394203), (426, 0.059376176), (434, 0.03830374), (490, 0.012675436), (568, 0.016652625), (670, 0.025791034), (673, 0.013744073), (684, 0.012654963), (700, 0.014271323), (720, 0.038561087), (740, 0.02215936), (747, 0.07576118), (793, 0.23998186), (803, 0.032597307), (820, 0.0162909), (862, 0.025746763), (868, 0.016699925)]"
320,2008-05-27T23:10:21+0000,"[(181, 0.04800483), (205, 0.19209987), (222, 0.09902794), (242, 0.04202896), (474, 0.07069222), (531, 0.05409172), (627, 0.052778725), (712, 0.0960753), (737, 0.045155063), (747, 0.2087855), (921, 0.049088296)]"
321,2017-04-06T22:33:07+0000,"[(70, 0.061368857), (180, 0.10311468), (202, 0.05085962), (239, 0.0163215), (264, 0.06831934), (323, 0.01679306), (428, 0.015222335), (481, 0.470583), (599, 0.015961273), (758, 0.014718164), (796, 0.014845595), (840, 0.036544506), (853, 0.042812962), (858, 0.023641985), (895, 0.019471517), (916, 0.014703868)]"
322,2020-06-26T17:59:23+0000,"[(591, 0.99669194)]"
323,2013-10-04T22:11:11+0000,"[(289, 0.988517)]"
324,2015-03-20T16:55:45+0000,"[(148, 0.0716732), (194, 0.059998162), (315, 0.22200096), (420, 0.16152233), (596, 0.042909566), (653, 0.09798854), (865, 0.16336325), (898, 0.08738962), (958, 0.055034466)]"
325,2006-12-04T19:51:48+0000,"[(494, 0.9900095)]"
326,2009-09-15T09:05:26+0000,"[(939, 0.9943793)]"
327,2013-09-25T06:05:37+0000,"[(413, 0.9968574)]"
328,2007-10-29T20:28:20+0000,"[(110, 0.083413586), (323, 0.1793965), (330, 0.083419986), (332, 0.083403684), (468, 0.16672917), (743, 0.21796691), (820, 0.10291145)]"
329,2020-08-03T06:12:49+0000,"[(42, 0.024498515), (135, 0.06668979), (162, 0.0318451), (356, 0.043590717), (468, 0.020697732), (612, 0.12598202), (625, 0.18909985), (630, 0.02173314), (661, 0.2067703), (673, 0.02506133), (767, 0.020690043), (800, 0.029326718), (922, 0.05230681), (937, 0.106486544), (981, 0.018521922)]"
330,2019-11-08T17:58:48+0000,"[(65, 0.56111324), (788, 0.4344339)]"
331,2019-08-22T12:51:36+0000,"[(51, 0.0123324115), (88, 0.2883083), (158, 0.02325473), (166, 0.31985146), (250, 0.013946403), (252, 0.019524071), (276, 0.03722596), (670, 0.012756312), (743, 0.019266527), (873, 0.040993676), (874, 0.018721301), (898, 0.014325152), (963, 0.096296616)]"
332,2020-04-08T16:59:29+0000,"[(612, 0.9950296)]"
333,2010-08-04T17:41:20+0000,"[(836, 0.99179256)]"
334,2019-09-05T05:34:44+0000,"[(991, 0.99681824)]"
335,2018-03-23T01:29:13+0000,"[(440, 0.9881679)]"
336,2010-02-03T17:47:30+0000,"[(35, 0.1907983), (481, 0.21766889), (735, 0.087526344), (917, 0.1158238), (951, 0.30525443)]"
337,2017-02-14T14:00:00+0000,"[(568, 0.9925442)]"
338,2016-09-25T08:07:18+0000,"[(502, 0.9939817)]"
339,2015-09-21T17:27:37+0000,"[(22, 0.022744298), (146, 0.028265264), (200, 0.09307234), (253, 0.061832853), (276, 0.05236092), (509, 0.050420858), (524, 0.017665952), (565, 0.09662469), (567, 0.09494475), (739, 0.036764532), (851, 0.108553536), (918, 0.17168903), (923, 0.029101035), (937, 0.047043998), (939, 0.061216626)]"
340,2016-03-08T15:08:24+0000,"[(6, 0.029449027), (121, 0.044288255), (123, 0.024528395), (150, 0.025483845), (153, 0.048341557), (240, 0.10294354), (374, 0.042592067), (385, 0.025609188), (412, 0.0316585), (413, 0.028584389), (434, 0.06385796), (542, 0.029544689), (546, 0.06779172), (612, 0.022921883), (673, 0.025233619), (680, 0.058332983), (806, 0.062178083), (855, 0.023633052), (873, 0.09050472), (907, 0.021753203), (936, 0.030438915), (937, 0.03597707), (963, 0.021882474), (988, 0.02169539)]"
341,2019-08-21T10:57:38+0000,"[(928, 0.99163765)]"
342,2011-08-28T02:22:08+0000,"[(135, 0.056432616), (309, 0.055770583), (335, 0.11143981), (386, 0.05887658), (422, 0.107978754), (500, 0.15104681), (604, 0.06730616), (751, 0.05888889), (974, 0.27395844)]"
343,2019-05-05T15:00:39+0000,"[(30, 0.055141836), (202, 0.021108711), (241, 0.04352426), (250, 0.020832947), (304, 0.11052082), (391, 0.02020003), (421, 0.0885872), (481, 0.07784701), (528, 0.018186957), (555, 0.022366853), (561, 0.048278976), (563, 0.025936455), (574, 0.055850808), (588, 0.120585345), (590, 0.02252551), (599, 0.047195446), (898, 0.037038803), (923, 0.03139858), (931, 0.017260721), (974, 0.09559396)]"
344,2008-06-26T12:05:08+0000,"[(8, 0.022940904), (29, 0.053775467), (33, 0.09114403), (158, 0.049448058), (239, 0.09078033), (335, 0.023709884), (336, 0.098241545), (356, 0.101904385), (391, 0.041914552), (412, 0.022868467), (479, 0.026342908), (500, 0.06191331), (565, 0.024119098), (597, 0.09420196), (720, 0.0249775), (741, 0.028633147), (777, 0.028467678), (796, 0.06843445), (868, 0.024376526)]"
345,2014-11-25T19:08:51+0000,"[(533, 0.99401766)]"
346,2015-07-29T07:59:52+0000,"[(90, 0.10772193), (199, 0.04157515), (202, 0.085148744), (321, 0.038057666), (374, 0.019882241), (533, 0.10384617), (571, 0.014871625), (589, 0.0878168), (673, 0.04137578), (685, 0.22286093), (706, 0.0435486), (824, 0.15528674)]"
347,2012-12-12T18:09:32+0000,"[(280, 0.9952003)]"
348,2020-01-15T15:33:43+0000,"[(42, 0.98307556), (280, 0.013569997)]"
349,2009-02-18T05:06:58+0000,"[(304, 0.9355936), (356, 0.053789206)]"
350,2021-08-29T10:32:53+0000,"[(993, 0.9966869)]"
351,2020-12-28T20:11:50+0000,"[(988, 0.9903896)]"
352,2020-06-12T18:05:28+0000,"[(709, 0.9920078)]"
353,2020-12-30T14:34:13+0000,"[(66, 0.9925987)]"
354,2012-10-12T09:55:00+0000,"[(206, 0.06452159), (377, 0.03115446), (420, 0.06439835), (434, 0.14470372), (470, 0.1127417), (472, 0.07827531), (709, 0.059567533), (783, 0.09501105), (788, 0.103876755), (824, 0.039938536), (858, 0.1614182), (918, 0.022870803)]"
355,2014-06-03T16:15:52+0000,"[(963, 0.99379486)]"
356,2015-04-10T17:18:57+0000,"[(30, 0.062619865), (42, 0.034685653), (170, 0.048655074), (242, 0.09169792), (308, 0.015400916), (323, 0.015712531), (341, 0.07262548), (386, 0.03948481), (470, 0.03406604), (519, 0.01572191), (546, 0.07459704), (590, 0.014727356), (773, 0.018299319), (868, 0.020953257), (873, 0.09006941), (874, 0.33535674)]"
357,2017-09-20T10:05:17+0000,"[(700, 0.98970085)]"
358,2008-06-09T16:46:43+0000,"[(28, 0.99167484)]"
359,2015-01-21T12:09:21+0000,"[(119, 0.04292192), (194, 0.07073219), (253, 0.0657659), (299, 0.049719907), (423, 0.040853955), (468, 0.07180444), (571, 0.012747392), (577, 0.20966983), (700, 0.08364854), (824, 0.13119327), (939, 0.056221098), (993, 0.12945117)]"
360,2012-08-20T16:06:23+0000,"[(68, 0.03159004), (201, 0.05531866), (241, 0.057559956), (264, 0.026088182), (385, 0.038059466), (412, 0.14107671), (517, 0.04286788), (711, 0.0747202), (733, 0.0408742), (740, 0.026324349), (751, 0.025529994), (771, 0.19664676), (816, 0.04346386), (863, 0.14767656), (865, 0.026940828)]"
361,2012-02-15T17:46:35+0000,"[(17, 0.07780153), (41, 0.023265308), (48, 0.1406081), (101, 0.10349748), (299, 0.039667137), (304, 0.018709471), (318, 0.051646236), (332, 0.018781124), (356, 0.041003108), (386, 0.049603283), (404, 0.053293213), (543, 0.018714678), (647, 0.01975344), (663, 0.035735525), (684, 0.038354985), (773, 0.022197284), (793, 0.048093274), (833, 0.04551468), (937, 0.030823123), (961, 0.0640294), (967, 0.022519771), (974, 0.018919514)]"
362,2015-10-20T03:43:50+0000,"[(434, 0.9912977)]"
363,2016-09-19T21:25:36+0000,"[(597, 0.991224)]"
364,2013-07-17T20:28:49+0000,"[(914, 0.9952652)]"
365,2012-10-11T15:00:00+0000,"[(684, 0.98838353)]"
366,2012-10-13T15:31:00+0000,"[(11, 0.021448389), (119, 0.028497696), (158, 0.018656744), (253, 0.049907334), (316, 0.17875451), (318, 0.06387418), (341, 0.021105532), (423, 0.02577207), (428, 0.017120695), (468, 0.016777521), (478, 0.019811189), (481, 0.017604224), (539, 0.038873743), (543, 0.021303982), (546, 0.01841686), (597, 0.064518996), (625, 0.11080252), (687, 0.035479758), (737, 0.014284101), (743, 0.0428851), (796, 0.03619835), (883, 0.0157966), (950, 0.06870006), (963, 0.020258801), (993, 0.017907234)]"
367,2021-08-19T23:04:30+0000,"[(424, 0.1909338), (844, 0.709521), (846, 0.016205557), (911, 0.07857371)]"
368,2018-11-05T17:18:36+0000,"[(79, 0.9947893)]"
369,2019-06-13T11:35:05+0000,"[(153, 0.99076337)]"
370,2017-03-13T09:36:18+0000,"[(923, 0.9939019)]"
371,2019-06-27T10:10:06+0000,
372,2012-10-25T22:00:00+0000,
373,2018-08-09T16:12:11+0000,"[(252, 0.9918904)]"
374,2016-12-07T14:17:33+0000,"[(428, 0.99301386)]"
375,2010-03-03T23:03:07+0000,"[(13, 0.0500401), (76, 0.11011045), (110, 0.16972746), (119, 0.0725812), (234, 0.050379157), (386, 0.048502427), (412, 0.103030466), (670, 0.05180308), (867, 0.09471585), (956, 0.1996045)]"
376,2007-05-09T00:39:49+0000,"[(224, 0.992071)]"
377,2008-03-05T23:11:17+0000,"[(424, 0.9883756)]"
378,2013-12-06T21:19:27+0000,"[(385, 0.9830638)]"
379,2019-06-30T22:02:53+0000,"[(90, 0.9935541)]"
380,2016-09-28T13:23:00+0000,"[(687, 0.9890218)]"
381,2017-10-09T13:00:00+0000,"[(71, 0.018981064), (121, 0.018524295), (191, 0.019127864), (193, 0.02152613), (198, 0.016989263), (201, 0.07449992), (241, 0.04679716), (276, 0.018903855), (299, 0.14617716), (318, 0.025580335), (462, 0.016653782), (502, 0.033476353), (568, 0.056136593), (673, 0.22773726), (767, 0.034574952), (771, 0.020604528), (796, 0.019881595), (801, 0.02041434), (839, 0.02513694), (857, 0.019834585), (875, 0.020192403), (895, 0.05696557), (918, 0.024994038)]"
382,2007-03-08T17:48:36+0000,"[(647, 0.9898058)]"
383,2014-04-22T21:42:27+0000,"[(217, 0.9907616)]"
384,2008-10-22T20:53:13+0000,"[(604, 0.98848873)]"
385,2012-05-25T09:28:57+0000,"[(241, 0.20526643), (249, 0.08280593), (339, 0.10680173), (374, 0.06382523), (422, 0.16345681), (434, 0.13733414), (699, 0.11582926), (747, 0.06956435)]"
386,2010-07-08T17:36:53+0000,"[(414, 0.9913131)]"
387,2015-08-10T16:22:16+0000,"[(101, 0.03845523), (166, 0.010764814), (304, 0.013085504), (323, 0.016950235), (424, 0.57532376), (542, 0.012928509), (563, 0.04034699), (661, 0.057882607), (735, 0.0123104695)]"
388,2019-01-08T15:36:11+0000,"[(531, 0.84015846), (630, 0.099598125), (783, 0.038382277), (833, 0.013037483)]"
389,2019-08-01T15:40:24+0000,"[(408, 0.99291474)]"
390,2019-08-09T05:51:49+0000,"[(35, 0.14493515), (281, 0.10163414), (555, 0.071492374), (846, 0.14182505), (911, 0.4690369)]"
391,2013-08-12T15:06:00+0000,"[(30, 0.096780874), (225, 0.07652937), (256, 0.026022898), (289, 0.09865677), (434, 0.03419938), (494, 0.070353046), (577, 0.05421252), (612, 0.039204873), (720, 0.027548062), (737, 0.15766892), (788, 0.066410735), (801, 0.045116797), (868, 0.07024591), (965, 0.11109722)]"
392,2017-08-11T17:29:18+0000,"[(242, 0.99071413)]"
393,2008-06-02T17:09:39+0000,"[(459, 0.99533165)]"
394,2014-05-24T13:51:32+0000,"[(64, 0.12341815), (189, 0.055620477), (241, 0.05559459), (309, 0.05562269), (444, 0.08116994), (462, 0.23469266), (567, 0.055617638), (596, 0.055608958), (868, 0.05731024), (870, 0.055993825), (937, 0.11119155)]"
395,2010-03-05T08:30:05+0000,"[(205, 0.93903506), (537, 0.055321272)]"
396,2012-10-11T06:41:00+0000,"[(241, 0.024389196), (524, 0.010819668), (833, 0.020485923), (875, 0.92235994)]"
397,2015-10-22T10:53:20+0000,"[(68, 0.052414585), (124, 0.02681216), (162, 0.03799053), (253, 0.03163041), (266, 0.048686627), (281, 0.04124663), (367, 0.04209768), (386, 0.1117693), (413, 0.064324014), (415, 0.031760864), (444, 0.06588717), (571, 0.020519208), (594, 0.0966799), (604, 0.1203432), (630, 0.025023494), (673, 0.038730115), (820, 0.09256133), (898, 0.026852937)]"
398,2010-03-19T17:05:37+0000,"[(86, 0.09788956), (193, 0.050824165), (194, 0.015266531), (241, 0.0657084), (296, 0.028187575), (386, 0.059672233), (420, 0.055872265), (424, 0.13664451), (426, 0.122410655), (474, 0.038213637), (565, 0.059547782), (599, 0.050182164), (685, 0.0182527), (800, 0.06500376), (917, 0.019989183), (922, 0.044572897), (937, 0.02960832), (956, 0.028320022)]"
399,2016-11-11T10:52:01+0000,"[(253, 0.99390906)]"
400,2014-04-23T08:50:41+0000,"[(413, 0.045333933), (858, 0.93709195), (911, 0.012415688)]"
401,2014-08-26T22:34:36+0000,"[(30, 0.022314394), (68, 0.04045151), (101, 0.022277735), (135, 0.0171207), (158, 0.01916138), (252, 0.030696562), (323, 0.048247505), (356, 0.18269408), (386, 0.021137156), (414, 0.0229154), (571, 0.018890852), (574, 0.021768672), (661, 0.053511284), (686, 0.019725647), (698, 0.018887885), (735, 0.08307095), (783, 0.02686695), (794, 0.02278715), (803, 0.04314171), (820, 0.018989692), (898, 0.05366074), (911, 0.13438992), (955, 0.019843921), (956, 0.019026283)]"
402,2014-12-03T03:49:43+0000,"[(599, 0.9933838)]"
403,2017-07-19T05:07:43+0000,"[(11, 0.068263076), (29, 0.04338276), (125, 0.108834386), (242, 0.05609465), (252, 0.021623058), (268, 0.042723227), (276, 0.10142599), (380, 0.042881038), (415, 0.021850592), (418, 0.023866357), (456, 0.054145038), (533, 0.083692186), (546, 0.058667358), (571, 0.014621336), (658, 0.03000772), (727, 0.09963297), (735, 0.021623716), (822, 0.041742254), (922, 0.017875295), (961, 0.015851006), (999, 0.01589435)]"
404,2012-07-26T17:14:23+0000,"[(38, 0.04833596), (97, 0.08529286), (268, 0.12092305), (273, 0.045457814), (416, 0.05632272), (423, 0.053802323), (424, 0.045603283), (687, 0.08844264), (875, 0.35990417), (911, 0.050882373)]"
405,2020-04-23T13:45:44+0000,"[(136, 0.03664658), (217, 0.057586852), (252, 0.046218008), (321, 0.025671922), (502, 0.02749075), (567, 0.034162782), (568, 0.18324837), (574, 0.12847343), (645, 0.026375763), (706, 0.041227862), (733, 0.11642331), (735, 0.06155339), (824, 0.026568362), (873, 0.08558692), (988, 0.07750363)]"
406,2014-03-10T22:01:33+0000,"[(445, 0.9946402)]"
407,2018-04-24T18:00:00+0000,"[(735, 0.9923739)]"
408,2012-10-01T20:37:00+0000,
409,2015-12-29T12:57:26-0500,"[(11, 0.0119058555), (48, 0.0104696555), (119, 0.010491941), (121, 0.0217845), (542, 0.025704136), (563, 0.0119670695), (568, 0.018147461), (661, 0.05281503), (735, 0.010007386), (740, 0.012959544), (771, 0.6570673), (833, 0.020940159), (857, 0.010115215), (863, 0.016534902)]"
410,2011-06-30T17:01:00+0000,"[(253, 0.36757421), (459, 0.06970287), (588, 0.22177327), (652, 0.15291446), (922, 0.12950157)]"
411,2014-07-03T18:43:22+0000,"[(162, 0.99455047)]"
412,2013-11-22T15:59:24+0000,"[(33, 0.019933265), (70, 0.03946627), (76, 0.017883958), (198, 0.0154360235), (249, 0.040063567), (281, 0.05700612), (315, 0.08071705), (323, 0.031054769), (416, 0.016066702), (417, 0.08582975), (567, 0.036992688), (604, 0.030596772), (652, 0.082388796), (673, 0.12638369), (773, 0.07165535), (894, 0.03432815), (895, 0.10124855), (917, 0.055863947), (961, 0.032776598)]"
413,2017-12-01T03:21:36+0000,"[(296, 0.04796802), (385, 0.8043889), (519, 0.13786767)]"
414,2008-01-03T20:09:35+0000,"[(8, 0.031706396), (30, 0.02085488), (61, 0.06540798), (146, 0.03465625), (239, 0.021898627), (264, 0.070571996), (272, 0.07936375), (323, 0.06943228), (364, 0.011738131), (395, 0.09731572), (420, 0.022046756), (434, 0.111788474), (500, 0.023126641), (539, 0.031453487), (591, 0.10416667), (652, 0.02083322), (732, 0.02840943), (796, 0.045828424), (961, 0.06375354), (978, 0.025225917)]"
415,2016-12-06T20:22:56+0000,"[(895, 0.98999274)]"
416,2012-10-01T08:45:00+0000,"[(397, 0.072628416), (808, 0.88670325), (846, 0.035098318)]"
417,2013-09-26T20:38:39+0000,"[(516, 0.99237394)]"
418,2015-06-12T16:25:15+0000,"[(740, 0.9938332)]"
419,2014-03-19T13:33:33+0000,"[(29, 0.06950866), (61, 0.106459506), (71, 0.02001793), (159, 0.10657534), (421, 0.020046629), (423, 0.028855212), (502, 0.028616618), (528, 0.15781558), (571, 0.030110417), (574, 0.030497953), (577, 0.040094454), (607, 0.10372773), (684, 0.021890353), (709, 0.072519526), (777, 0.08483359), (881, 0.01867024), (939, 0.023947673), (993, 0.020700876)]"
420,2014-09-13T07:37:39+0000,"[(36, 0.956667), (153, 0.021938823), (981, 0.010222587)]"
421,2015-01-08T15:44:21+0000,"[(500, 0.9871918)]"
422,2011-08-19T16:24:06+0000,"[(46, 0.027849035), (86, 0.038506757), (170, 0.1151949), (181, 0.045747712), (253, 0.029230285), (316, 0.05706576), (377, 0.030942908), (402, 0.026557894), (416, 0.025661785), (421, 0.026666727), (474, 0.051600397), (497, 0.07587262), (528, 0.18296978), (531, 0.026691152), (800, 0.033540554), (820, 0.08735179), (840, 0.028872766), (939, 0.06449367)]"
423,2017-06-16T19:38:48+0000,"[(240, 0.012551507), (241, 0.13718103), (456, 0.08881445), (539, 0.09314127), (712, 0.09099719), (806, 0.08121668), (833, 0.13306293), (852, 0.09100977), (867, 0.1819231)]"
424,2016-03-04T12:09:11-0500,"[(234, 0.09555304), (589, 0.033015683), (763, 0.014385204), (833, 0.0382748), (923, 0.8158942)]"
425,2009-03-13T19:48:28+0000,"[(377, 0.99066335)]"
426,2017-11-06T11:45:48+0000,"[(181, 0.98937213)]"
427,2018-12-07T23:13:54+0000,"[(911, 0.9893355)]"
428,2014-06-13T17:18:45+0000,"[(6, 0.20358989), (41, 0.118169434), (51, 0.10176499), (79, 0.021955838), (146, 0.014979831), (242, 0.023329686), (281, 0.03645554), (397, 0.014506355), (410, 0.020378651), (434, 0.02726529), (627, 0.0988839), (631, 0.11903129), (658, 0.043491524), (680, 0.015109186), (771, 0.03263435), (840, 0.017221412), (844, 0.07694463)]"
429,2016-05-18T19:00:03+0000,"[(29, 0.0444597), (33, 0.045683116), (36, 0.015912067), (90, 0.0700609), (153, 0.050269768), (180, 0.13827641), (280, 0.016456055), (413, 0.061834335), (574, 0.06625091), (709, 0.065805055), (840, 0.1598576), (862, 0.04747324), (883, 0.03367227), (911, 0.13712226), (981, 0.028322486)]"
430,2007-07-19T00:41:29+0000,"[(241, 0.020772643), (249, 0.110162154), (268, 0.035963785), (273, 0.14119191), (280, 0.018850459), (289, 0.018280944), (299, 0.037398864), (309, 0.017876288), (316, 0.037860326), (323, 0.02316302), (421, 0.079282075), (422, 0.15775357), (440, 0.019127384), (571, 0.017597625), (591, 0.05252816), (598, 0.017874025), (816, 0.018461563), (833, 0.02233697), (917, 0.0203134), (981, 0.115699165)]"
431,2016-09-22T14:06:44+0000,"[(181, 0.056338485), (253, 0.04562536), (323, 0.13641138), (395, 0.2674092), (543, 0.048609857), (563, 0.14214443), (783, 0.07062462), (820, 0.060102694), (923, 0.08994786), (972, 0.04317574)]"
432,2018-02-01T16:48:41+0000,"[(123, 0.98937136)]"
433,2016-01-25T11:50:21+0000,"[(922, 0.9924734)]"
434,2020-04-27T20:37:31+0000,"[(250, 0.9882812)]"
435,2010-01-28T01:55:44+0000,"[(13, 0.109773934), (170, 0.03887311), (224, 0.12907544), (228, 0.108403094), (289, 0.043339577), (356, 0.037797946), (500, 0.1420527), (542, 0.036128692), (574, 0.09532944), (599, 0.01481736), (824, 0.17744978), (833, 0.035083976)]"
436,2013-10-22T18:20:00+0000,"[(855, 0.9920893)]"
437,2013-12-31T15:24:27+0000,"[(8, 0.06818516), (88, 0.019820208), (180, 0.27874583), (410, 0.1506238), (413, 0.1262954), (709, 0.018789697), (732, 0.019756489), (771, 0.017199729), (777, 0.08930803), (858, 0.14891501), (870, 0.045874007)]"
438,2007-11-14T12:23:16+0000,"[(653, 0.99649465)]"
439,2016-11-10T16:44:02+0000,"[(820, 0.9878169)]"
440,2012-01-23T19:28:30+0000,"[(86, 0.106604576), (110, 0.059730195), (180, 0.100288786), (205, 0.06281304), (234, 0.026713908), (287, 0.02035149), (308, 0.010427669), (434, 0.047328904), (441, 0.014510408), (574, 0.049811378), (647, 0.015207382), (670, 0.15675086), (727, 0.06322036), (739, 0.018489705), (773, 0.016360072), (791, 0.0159725), (796, 0.0611502), (861, 0.08024474), (907, 0.025488663), (910, 0.0161711), (936, 0.018100476)]"
441,2014-11-13T13:05:19+0000,"[(28, 0.012728394), (38, 0.016568135), (341, 0.11345157), (441, 0.011068137), (526, 0.027593795), (607, 0.020830313), (788, 0.22633135), (858, 0.019067377), (898, 0.012752207), (999, 0.4868022)]"
442,2008-08-06T21:11:08+0000,"[(291, 0.3336676), (740, 0.33365974)]"
443,2012-03-16T13:16:28+0000,"[(148, 0.026842423), (194, 0.2594327), (304, 0.04982878), (426, 0.024963679), (497, 0.028786039), (525, 0.06369225), (526, 0.08327774), (627, 0.045548346), (846, 0.15233941), (858, 0.12321787), (865, 0.117945686)]"
444,2009-05-29T22:04:14+0000,"[(121, 0.04853528), (166, 0.047623593), (202, 0.047640637), (268, 0.030683804), (309, 0.13797642), (385, 0.035727818), (421, 0.11730317), (468, 0.12724756), (516, 0.06275769), (607, 0.06691477), (705, 0.047650043), (827, 0.031054983), (870, 0.07237397), (883, 0.049673688), (898, 0.052863378)]"
445,2020-08-18T14:00:19+0000,"[(64, 0.9241976), (783, 0.019182725), (873, 0.021760257)]"
446,2011-09-19T18:16:00+0000,"[(6, 0.15899141), (65, 0.048766952), (66, 0.021480327), (110, 0.028823124), (148, 0.0454521), (170, 0.051245935), (224, 0.042607486), (252, 0.05128255), (418, 0.06107898), (599, 0.17623107), (601, 0.019617047), (631, 0.08371355), (765, 0.122279294), (773, 0.023668269), (820, 0.021196716), (851, 0.024267703)]"
447,2008-10-17T23:31:09+0000,"[(272, 0.99312603)]"
448,2012-12-07T17:17:03+0000,"[(426, 0.99740505)]"
449,2014-11-12T17:49:15+0000,"[(101, 0.3024594), (240, 0.6662552), (563, 0.027215848)]"
450,2012-10-02T12:05:00+0000,"[(583, 0.9890218)]"
451,2012-11-03T01:13:00+0000,"[(281, 0.011909856), (410, 0.8678066), (763, 0.013886748), (865, 0.022897666), (939, 0.025864333)]"
452,2021-03-22T19:36:35+0000,
453,2019-09-19T19:21:13+0000,"[(444, 0.99379814)]"
454,2015-08-21T01:45:47+0000,"[(180, 0.95487887), (321, 0.039919723)]"
455,2015-09-17T18:38:35+0000,"[(28, 0.01982725), (71, 0.014702614), (153, 0.016719984), (170, 0.025221411), (194, 0.0545278), (420, 0.03224476), (474, 0.06001376), (486, 0.020921018), (516, 0.04817855), (546, 0.015258516), (563, 0.05134969), (577, 0.13600633), (647, 0.026926866), (685, 0.06655636), (700, 0.036112517), (709, 0.028427204), (840, 0.24794874), (883, 0.043510757), (924, 0.039972294)]"
456,2019-06-04T01:22:15+0000,"[(228, 0.99601614)]"
457,2013-11-07T05:25:11+0000,"[(868, 0.9883)]"
458,2015-02-12T22:09:35+0000,"[(415, 0.42865944), (597, 0.14299297), (835, 0.14297715), (988, 0.14299989)]"
459,2015-09-16T13:57:24+0000,"[(48, 0.9959717)]"
460,2011-07-20T09:03:50+0000,"[(11, 0.18044391), (38, 0.16989602), (181, 0.10903639), (571, 0.043524187), (686, 0.043511353), (687, 0.047569647), (725, 0.35617363)]"
461,2014-12-03T21:52:13+0000,"[(470, 0.9925996)]"
462,2011-04-14T15:32:26+0000,"[(35, 0.09365174), (181, 0.11014276), (260, 0.020843875), (274, 0.027076287), (276, 0.015571927), (336, 0.032189485), (386, 0.06608777), (416, 0.021295005), (424, 0.120096594), (494, 0.050434485), (604, 0.13847138), (630, 0.0390304), (647, 0.03991596), (699, 0.023074498), (733, 0.06314017), (883, 0.016745286), (936, 0.07435507), (955, 0.031776235)]"
463,2020-05-26T15:21:01+0000,"[(692, 0.99254465)]"
464,2015-01-08T16:06:28+0000,"[(374, 0.87073666), (824, 0.123308904)]"
465,2013-04-18T07:45:26+0000,"[(596, 0.9941917)]"
466,2020-10-16T12:11:03+0000,"[(542, 0.995359)]"
467,2009-11-27T20:53:23+0000,"[(101, 0.05951991), (201, 0.028410498), (222, 0.02652257), (250, 0.110636145), (256, 0.025674704), (374, 0.025148787), (386, 0.029660199), (415, 0.030309943), (462, 0.05553794), (509, 0.026139004), (577, 0.026229447), (590, 0.03366218), (607, 0.092151225), (661, 0.031636667), (684, 0.08860686), (911, 0.25239074), (972, 0.03254906)]"
468,2015-09-16T12:23:44+0000,"[(29, 0.06942757), (71, 0.05054662), (86, 0.09630772), (146, 0.08943059), (153, 0.035226177), (202, 0.026553825), (242, 0.09543792), (288, 0.026813695), (318, 0.116597675), (793, 0.1975909), (872, 0.03252124), (883, 0.025723953), (895, 0.06882466), (923, 0.044344135)]"
469,2016-07-15T02:56:14+0000,"[(421, 0.98824686)]"
470,2015-01-08T22:47:27+0000,"[(101, 0.45982078), (563, 0.5344467)]"
471,2020-10-02T11:36:01+0000,"[(48, 0.041139275), (670, 0.9540915)]"
472,2021-04-05T14:11:33+0000,"[(30, 0.17965971), (47, 0.030334946), (101, 0.041328244), (272, 0.0518163), (274, 0.089657396), (288, 0.029574081), (337, 0.030331247), (478, 0.036200404), (588, 0.20750463), (628, 0.031247428), (658, 0.030334335), (687, 0.081384264), (765, 0.09975611), (922, 0.030987864)]"
473,2012-10-08T13:03:00+0000,
474,2010-11-12T00:54:35+0000,"[(6, 0.03283394), (65, 0.03902268), (97, 0.031454094), (101, 0.07093137), (119, 0.059869103), (162, 0.10765832), (166, 0.05278595), (276, 0.118773304), (288, 0.07350038), (346, 0.030318456), (448, 0.0303226), (525, 0.01570357), (567, 0.016424555), (607, 0.09421513), (631, 0.038513497), (670, 0.047924954), (839, 0.12381485)]"
475,2019-04-30T11:20:40+0000,"[(8, 0.02221456), (20, 0.01774959), (42, 0.018247137), (110, 0.023286242), (201, 0.017679367), (202, 0.017340994), (315, 0.08482507), (341, 0.10655912), (356, 0.01748667), (596, 0.05273526), (685, 0.022130132), (706, 0.07192513), (754, 0.21685591), (788, 0.12267149), (829, 0.016963579), (858, 0.14444721), (895, 0.010217484)]"
476,2020-06-01T20:01:48+0000,"[(64, 0.016068298), (138, 0.02408053), (170, 0.012148138), (181, 0.01748381), (226, 0.64908075), (625, 0.037153583), (661, 0.016568782), (735, 0.0105286455), (783, 0.011201176), (833, 0.03600569), (894, 0.018990474), (981, 0.0110802455)]"
477,2007-04-16T18:58:07+0000,"[(101, 0.9847383)]"
478,2019-03-25T22:13:40+0000,"[(119, 0.9928128)]"
479,2013-05-13T06:09:57+0000,"[(840, 0.078461766), (991, 0.9149908)]"
480,2012-04-18T21:50:43+0000,"[(46, 0.049883503), (121, 0.028444266), (173, 0.053820558), (228, 0.08295303), (272, 0.03379957), (377, 0.054909565), (385, 0.029800314), (412, 0.0257698), (421, 0.057601575), (558, 0.024417548), (574, 0.024406811), (589, 0.030314963), (673, 0.16100715), (861, 0.082162865), (868, 0.030304864), (974, 0.026971025), (981, 0.0358788), (991, 0.14359364)]"
481,2015-01-20T23:02:44+0000,"[(299, 0.9944805)]"
482,2017-03-12T11:41:08+0000,
483,2014-02-25T21:27:33+0000,"[(495, 0.99083453)]"
484,2013-11-29T17:52:00+0000,"[(911, 0.9880705)]"
485,2011-01-27T21:57:03+0000,"[(199, 0.033143766), (386, 0.02713043), (546, 0.094186604), (853, 0.8409455)]"
486,2017-03-14T15:35:50+0000,
487,2010-07-15T21:28:41+0000,"[(281, 0.07674815), (367, 0.05304564), (599, 0.103535295), (627, 0.106451), (647, 0.12106738), (727, 0.05266904), (754, 0.25944385), (858, 0.066598594), (895, 0.040928997), (956, 0.045499105), (972, 0.02905335)]"
488,2011-10-21T18:31:23+0000,"[(42, 0.032219652), (65, 0.1276608), (224, 0.03753071), (232, 0.028582683), (280, 0.17169534), (336, 0.24755855), (347, 0.04527162), (423, 0.0881505), (604, 0.030762471), (733, 0.029557487), (763, 0.0750156), (829, 0.05717772)]"
489,2007-12-17T18:20:49+0000,"[(33, 0.04851306), (71, 0.14094213), (101, 0.022940919), (110, 0.045220084), (162, 0.016717577), (172, 0.020501716), (222, 0.016414538), (274, 0.01586458), (291, 0.0672379), (422, 0.03587964), (495, 0.037616406), (596, 0.029209815), (652, 0.03043641), (699, 0.04097401), (709, 0.060391564), (732, 0.06754309), (794, 0.080790535), (839, 0.082339734), (873, 0.07813656), (881, 0.02254808), (981, 0.025791284)]"
490,2013-10-24T22:47:47+0000,"[(125, 0.32534528), (148, 0.031093286), (162, 0.03187633), (341, 0.05850287), (418, 0.13497542), (599, 0.032054983), (607, 0.07040383), (680, 0.08531602), (735, 0.108141474), (873, 0.057191078), (999, 0.0368371)]"
491,2012-10-24T19:57:00+0000,"[(41, 0.010028133), (193, 0.018956115), (273, 0.69764125), (291, 0.020168187), (323, 0.017592205), (386, 0.01247264), (424, 0.026021998), (428, 0.014154551), (546, 0.012052355), (735, 0.012789786)]"
492,2012-10-02T04:28:00+0000,"[(898, 0.9954747)]"
493,2018-03-20T11:44:39+0000,"[(874, 0.98729)]"
494,2018-11-07T18:07:18+0000,"[(35, 0.98781633)]"
495,2014-07-31T11:30:42+0000,"[(30, 0.017944917), (48, 0.1787282), (166, 0.01952681), (202, 0.016059594), (217, 0.016062638), (239, 0.033123244), (281, 0.05632968), (321, 0.031699542), (390, 0.031765353), (563, 0.044761017), (653, 0.026062325), (658, 0.020649392), (685, 0.11862666), (777, 0.2187223), (836, 0.017747873), (858, 0.13656871)]"
496,2012-11-02T15:33:00+0000,"[(35, 0.016601957), (162, 0.012544218), (385, 0.7941983), (599, 0.01836289), (739, 0.02710256), (851, 0.022553926), (858, 0.03332367), (911, 0.057430923)]"
497,2012-10-01T12:00:00+0000,"[(565, 0.9965786)]"
498,2011-01-12T18:01:38+0000,"[(8, 0.031931236), (101, 0.022223951), (159, 0.20162717), (252, 0.05746146), (363, 0.025925523), (448, 0.02275501), (516, 0.06874515), (591, 0.1143175), (601, 0.023381922), (673, 0.17467263), (711, 0.02383096), (898, 0.022749467), (958, 0.04915664), (961, 0.0635231), (965, 0.024629582), (991, 0.050698794)]"
499,2008-06-30T12:33:47+0000,"[(101, 0.011950868), (136, 0.097032726), (198, 0.60112303), (341, 0.011184305), (386, 0.013276668), (395, 0.014415063), (539, 0.017149655), (543, 0.01440193), (653, 0.017298844), (883, 0.020395054), (974, 0.075356446)]"
500,2012-10-01T12:30:00+0000,
501,2013-11-20T17:45:52-0500,"[(29, 0.99743307)]"
502,2017-03-15T07:30:00+0000,"[(364, 0.9941917)]"
503,2018-03-02T15:08:06+0000,"[(260, 0.037038725), (332, 0.039461978), (408, 0.17671715), (539, 0.22153766), (652, 0.13846567), (777, 0.0398502), (783, 0.037063103), (816, 0.037796546), (833, 0.041788235), (872, 0.043662004), (883, 0.048396043), (907, 0.03865354), (917, 0.062005553)]"
504,2013-10-18T11:16:50+0000,"[(125, 0.018433502), (180, 0.022566123), (222, 0.02397764), (341, 0.18282475), (367, 0.04332098), (516, 0.075231336), (526, 0.06861735), (607, 0.16454676), (612, 0.058590867), (747, 0.10781058), (765, 0.1512589), (788, 0.06635217)]"
505,2014-12-01T17:19:38+0000,"[(119, 0.17232373), (172, 0.11344192), (173, 0.03629635), (232, 0.036818106), (250, 0.22568254), (386, 0.04941314), (533, 0.06354898), (597, 0.051596537), (686, 0.21890576)]"
506,2009-10-30T17:26:09+0000,"[(846, 0.049194533), (955, 0.9448073)]"
507,2017-02-10T13:25:43+0000,"[(36, 0.01786146), (41, 0.11715571), (173, 0.034018684), (181, 0.052292906), (201, 0.02701553), (236, 0.016966702), (299, 0.05025888), (315, 0.108399436), (424, 0.10980029), (434, 0.03316317), (472, 0.033541452), (685, 0.021097584), (743, 0.080921076), (806, 0.059414923), (844, 0.10783346), (917, 0.1135779)]"
508,2020-06-23T12:13:25+0000,"[(119, 0.24048142), (533, 0.7476367)]"
509,2021-08-01T16:02:49+0000,"[(918, 0.9938332)]"
510,2010-08-24T15:11:41+0000,"[(86, 0.17386413), (272, 0.052226424), (410, 0.0667336), (457, 0.07037353), (497, 0.111421406), (509, 0.05887639), (739, 0.14299238), (865, 0.26515248)]"
511,2019-12-19T23:16:19+0000,"[(481, 0.996359)]"
512,2012-10-09T13:32:00+0000,"[(434, 0.019275866), (712, 0.94087666), (911, 0.037087347)]"
513,2012-10-19T13:55:41+0000,"[(119, 0.027356287), (158, 0.026459768), (191, 0.02565475), (194, 0.02565846), (199, 0.087247685), (332, 0.027262157), (347, 0.065508574), (424, 0.23168164), (472, 0.053620454), (612, 0.059170675), (661, 0.13075411), (670, 0.053804174), (795, 0.027615707), (796, 0.13291731)]"
514,2019-09-09T12:00:15+0000,"[(720, 0.9922161)]"
515,2007-07-27T14:09:37+0000,"[(356, 0.988762)]"
516,2019-11-06T20:51:53+0000,"[(310, 0.99144)]"
517,2009-03-14T01:41:48+0000,"[(35, 0.05256042), (200, 0.13856408), (336, 0.11262689), (356, 0.38878772), (440, 0.17094252), (456, 0.06691418), (732, 0.011186513)]"
518,2008-10-16T20:46:41+0000,"[(41, 0.0114707565), (180, 0.010388407), (191, 0.5348926), (241, 0.010857466), (341, 0.010965438), (367, 0.011680972), (386, 0.01891932), (424, 0.04921611), (612, 0.015443344), (661, 0.017538361), (777, 0.0347992), (788, 0.012871285), (846, 0.031257648), (858, 0.092716515), (865, 0.04290208), (868, 0.0128264865), (911, 0.0275276), (939, 0.015809417)]"
519,2019-10-09T08:04:31+0000,"[(509, 0.9925999)]"
520,2016-11-08T11:44:01+0000,"[(226, 0.011633579), (542, 0.01867145), (566, 0.9640541)]"
521,2019-03-21T14:06:00+0000,"[(323, 0.99355465)]"
522,2012-04-17T21:30:42+0000,"[(125, 0.07253833), (341, 0.48848584), (470, 0.12835713), (788, 0.010241803), (833, 0.06488275), (916, 0.17336452)]"
523,2019-06-13T05:59:13+0000,"[(35, 0.037207887), (65, 0.036471207), (148, 0.05429808), (268, 0.04669281), (315, 0.05581398), (386, 0.06443906), (410, 0.051818945), (412, 0.04516169), (414, 0.063838035), (457, 0.026553154), (472, 0.04380399), (509, 0.031141412), (597, 0.026338821), (627, 0.04933695), (685, 0.027307736), (739, 0.112778075), (777, 0.123860985), (911, 0.07728787)]"
524,2013-02-25T18:44:43+0000,"[(241, 0.18419917), (315, 0.07752183), (323, 0.031349137), (441, 0.025668291), (661, 0.20971268), (741, 0.1730534), (806, 0.11928483), (895, 0.07876406), (922, 0.037773132), (963, 0.035813022)]"
525,2019-05-14T14:33:00+0000,"[(68, 0.9955599)]"
526,2015-05-11T10:17:42+0000,"[(418, 0.9915336)]"
527,2021-06-23T16:02:14+0000,"[(857, 0.9912367)]"
528,2013-08-21T17:42:34+0000,"[(341, 0.50127494), (420, 0.29602537), (767, 0.07335443), (846, 0.11564091)]"
529,2016-02-29T15:00:01+0000,"[(47, 0.017562272), (86, 0.25151634), (166, 0.037926145), (180, 0.06618949), (191, 0.037280627), (299, 0.01851397), (341, 0.033152364), (377, 0.02164687), (459, 0.030204225), (561, 0.032471795), (588, 0.08320478), (590, 0.082272), (653, 0.09483428), (700, 0.018290082), (709, 0.041566923), (873, 0.07039347), (914, 0.018852355), (999, 0.026890395)]"
530,2011-07-01T08:15:16+0000,"[(474, 0.9901087)]"
531,2019-12-05T02:05:44+0000,"[(33, 0.16497298), (125, 0.084840275), (158, 0.102064125), (468, 0.20570128), (502, 0.08879589), (539, 0.024677841), (566, 0.09499711), (571, 0.08003043), (735, 0.047384582), (951, 0.040010247), (965, 0.026756719), (978, 0.020005714)]"
532,2010-04-07T18:18:38+0000,"[(29, 0.06266822), (97, 0.0553338), (291, 0.11376078), (335, 0.053334348), (386, 0.06432863), (416, 0.08562514), (555, 0.052056197), (604, 0.058697157), (652, 0.329722), (939, 0.0723586)]"
533,2012-12-10T16:03:48+0000,"[(625, 0.99535036)]"
534,2016-01-04T23:17:56+0000,"[(33, 0.06670951), (42, 0.46670133), (110, 0.08404695), (123, 0.06673199), (423, 0.24806447)]"
535,2016-09-13T16:26:54+0000,"[(101, 0.03175086), (252, 0.010708092), (542, 0.010388203), (563, 0.040407646), (661, 0.6219821)]"
536,2019-09-08T15:38:21+0000,"[(36, 0.28580433), (170, 0.051884335), (198, 0.06293467), (229, 0.028272467), (264, 0.0873771), (385, 0.031546824), (386, 0.039459847), (457, 0.03723837), (555, 0.016394852), (739, 0.061434858), (846, 0.06398245), (875, 0.029156944), (931, 0.024413489), (955, 0.0254054), (956, 0.05134091), (981, 0.07934776)]"
537,2018-01-09T08:00:00+0000,"[(391, 0.9942253)]"
538,2021-07-22T17:55:50+0000,"[(776, 0.99231404)]"
539,2007-10-29T12:54:58+0000,"[(242, 0.013205858), (472, 0.8825174), (577, 0.012921567), (631, 0.04022357), (727, 0.028904242)]"
540,2013-05-06T14:07:28+0000,"[(30, 0.10975132), (67, 0.118371814), (70, 0.12960516), (234, 0.05361153), (347, 0.028663766), (356, 0.2665807), (577, 0.036729965), (589, 0.046147883), (773, 0.0983957), (922, 0.085651115)]"
541,2013-06-21T06:49:10+0000,"[(408, 0.045153156), (555, 0.061333157), (629, 0.11114992), (725, 0.49844778), (881, 0.117519766), (937, 0.11116792)]"
542,2018-10-03T14:54:53+0000,"[(110, 0.98913807)]"
543,2011-09-28T22:34:50+0000,"[(42, 0.02331856), (356, 0.17786323), (423, 0.078527845), (470, 0.1941111), (479, 0.0956052), (577, 0.0642623), (737, 0.06577961), (846, 0.13569127), (910, 0.04308755), (955, 0.07841533), (963, 0.021793522)]"
544,2014-12-18T20:00:00+0000,"[(29, 0.05130963), (119, 0.018847503), (124, 0.035729133), (191, 0.062282752), (241, 0.07771476), (274, 0.036600158), (288, 0.036320478), (363, 0.015444393), (420, 0.061013475), (428, 0.018724984), (543, 0.024775717), (588, 0.06219779), (591, 0.01978954), (731, 0.01787978), (733, 0.02027069), (739, 0.023547426), (788, 0.022290962), (833, 0.06274774), (839, 0.050758667), (846, 0.023605734), (875, 0.038138203), (923, 0.080696784), (937, 0.07510872), (951, 0.046769116)]"
545,2008-07-18T17:59:33+0000,"[(315, 0.99512666)]"
546,2017-04-12T18:01:42+0000,"[(232, 0.99296445)]"
547,2017-09-19T15:39:06+0000,"[(462, 0.9954173)]"
548,2016-06-06T16:44:27+0000,"[(330, 0.9915905)]"
549,2016-12-12T17:03:20+0000,"[(181, 0.055588182), (315, 0.016727492), (763, 0.023207016), (783, 0.013215129), (833, 0.019014029), (855, 0.7958893), (894, 0.05764735)]"
550,2014-07-11T11:35:53+0000,"[(11, 0.016611475), (88, 0.03645025), (170, 0.015386955), (194, 0.045419473), (201, 0.044821784), (228, 0.11977631), (264, 0.047364593), (276, 0.01650175), (291, 0.026544014), (386, 0.049933102), (414, 0.05904936), (441, 0.013904086), (445, 0.07449807), (495, 0.08289488), (502, 0.015597188), (555, 0.019528927), (567, 0.017924218), (590, 0.029019428), (631, 0.018333213), (727, 0.01785778), (822, 0.15081348), (910, 0.01597511), (918, 0.030719504), (981, 0.021515448)]"
551,2011-03-30T22:28:14+0000,"[(125, 0.051990565), (315, 0.060191963), (380, 0.027377486), (519, 0.124931745), (591, 0.064135335), (601, 0.019176226), (628, 0.0789328), (658, 0.17662808), (800, 0.017871754), (808, 0.019872347), (865, 0.039186705), (914, 0.020540146), (939, 0.18871962), (981, 0.092835724)]"
552,2006-12-27T19:04:26+0000,"[(350, 0.99425846)]"
553,2007-07-26T21:45:46+0000,"[(868, 0.9953094)]"
554,2020-04-06T15:05:17+0000,"[(796, 0.9938522)]"
555,2014-02-07T04:14:11+0000,"[(191, 0.023038166), (276, 0.10659623), (332, 0.022672549), (418, 0.10864476), (565, 0.028799502), (607, 0.085006945), (653, 0.061637767), (735, 0.02405885), (767, 0.045841567), (800, 0.07267764), (865, 0.08630107), (868, 0.20679659), (921, 0.027123721), (963, 0.049135752), (988, 0.029776955)]"
556,2014-02-04T13:47:06+0000,"[(6, 0.18854764), (51, 0.08473374), (236, 0.047668684), (315, 0.14847618), (374, 0.057404887), (599, 0.10379991), (776, 0.1481343), (812, 0.124500714), (951, 0.0495392)]"
557,2017-03-09T16:52:28+0000,"[(285, 0.058879867), (299, 0.15278852), (547, 0.30693817), (590, 0.15497501), (647, 0.20849167), (801, 0.059297528)]"
558,2019-11-05T16:12:55+0000,"[(146, 0.98980594)]"
559,2014-05-13T18:17:33+0000,"[(41, 0.0653879), (202, 0.033355586), (402, 0.033338252), (445, 0.04388495), (481, 0.057622463), (555, 0.033366915), (568, 0.05448019), (788, 0.030003788), (833, 0.03335763), (835, 0.033367574), (855, 0.16887292), (873, 0.02431959), (894, 0.15791465), (956, 0.078018814), (974, 0.11986574)]"
560,2016-10-04T10:38:19+0000,"[(70, 0.01774718), (110, 0.05757081), (153, 0.024303365), (217, 0.030578826), (222, 0.017597735), (229, 0.030338058), (241, 0.02305896), (250, 0.017340375), (323, 0.05940762), (330, 0.08433128), (341, 0.015055186), (424, 0.018931046), (525, 0.016586352), (653, 0.088414244), (684, 0.01853118), (740, 0.047252018), (767, 0.03519017), (812, 0.018966597), (846, 0.054476917), (861, 0.0872151), (872, 0.02115472), (875, 0.109263964), (937, 0.015601371), (963, 0.05789194), (974, 0.018852131)]"
561,2008-01-11T20:32:18+0000,"[(41, 0.15216212), (323, 0.16684298), (426, 0.16679771), (763, 0.18134467), (767, 0.16684526)]"
562,2020-01-22T14:44:20+0000,"[(824, 0.99265426)]"
563,2016-03-16T11:16:26+0000,"[(170, 0.99329424)]"
564,2015-09-08T17:05:32+0000,"[(30, 0.038490623), (198, 0.037038144), (332, 0.083040625), (386, 0.10359978), (421, 0.0638665), (422, 0.038759045), (577, 0.07410704), (741, 0.037865095), (754, 0.31409225), (937, 0.0601241), (956, 0.07171222), (974, 0.039974272)]"
565,2011-06-27T19:57:23+0000,"[(101, 0.026863828), (172, 0.41212216), (199, 0.27267486), (330, 0.06951663), (590, 0.025389804), (652, 0.026519028), (709, 0.012305413), (846, 0.11746756), (858, 0.030367449)]"
566,2017-02-03T14:17:29+0000,"[(38, 0.7797013), (840, 0.21697171)]"
567,2011-05-03T22:16:39+0000,"[(456, 0.03249931), (727, 0.05520253), (737, 0.9063049)]"
568,2016-10-18T20:55:26+0000,"[(19, 0.021231722), (67, 0.021231081), (119, 0.039437547), (276, 0.09996347), (323, 0.10647087), (364, 0.08378414), (448, 0.020021874), (456, 0.035820298), (566, 0.10035534), (568, 0.06552354), (577, 0.03758), (680, 0.07719209), (712, 0.020609684), (735, 0.029223561), (740, 0.020419601), (773, 0.040021706), (852, 0.10003389), (895, 0.061436445)]"
569,2017-05-18T18:17:43+0000,"[(415, 0.99205923)]"
570,2013-01-24T06:43:16+0000,"[(266, 0.10442424), (547, 0.7721328), (555, 0.029354427), (591, 0.022954179), (981, 0.056330867)]"
571,2012-10-02T18:17:00+0000,"[(172, 0.998809)]"
572,2018-10-19T22:49:46+0000,"[(589, 0.9900717)]"
573,2014-03-25T16:10:14+0000,"[(8, 0.0632499), (224, 0.09056993), (335, 0.061425116), (336, 0.20357618), (599, 0.06993268), (607, 0.08372454), (630, 0.05717299), (647, 0.124383494), (684, 0.028600214), (765, 0.054370586), (858, 0.06170085), (928, 0.044518135), (965, 0.028571146)]"
574,2008-09-09T16:06:02+0000,"[(386, 0.08790085), (468, 0.071448214), (604, 0.340383), (670, 0.23431219), (725, 0.19441985)]"
575,2021-05-05T12:00:01+0000,"[(8, 0.049313687), (138, 0.06712244), (166, 0.09750332), (206, 0.059097398), (222, 0.017320441), (234, 0.016604658), (323, 0.055161275), (385, 0.022882132), (457, 0.03919699), (459, 0.039458085), (589, 0.016740594), (604, 0.037944477), (763, 0.01712626), (803, 0.111045904), (832, 0.013632297), (833, 0.035722245), (857, 0.0682081), (863, 0.22126012)]"
576,2020-10-30T14:59:22+0000,"[(241, 0.9907471)]"
577,2017-05-26T11:00:00+0000,"[(200, 0.9966809)]"
578,2016-06-07T06:03:56-0400,"[(802, 0.9936771)]"
579,2021-01-05T07:45:24+0000,"[(20, 0.9902057)]"
580,2018-06-22T17:12:18+0000,"[(193, 0.010608803), (252, 0.012214016), (424, 0.032332484), (661, 0.034683686), (673, 0.68911654), (917, 0.013230053)]"
581,2017-06-14T04:21:58+0000,"[(193, 0.97612536), (820, 0.013598959)]"
582,2008-12-17T07:29:56+0000,"[(445, 0.44257775), (563, 0.058409043)]"
583,2008-05-15T13:36:35+0000,"[(526, 0.9953714)]"
584,2012-10-05T04:20:00+0000,"[(65, 0.06751055), (172, 0.05955847), (202, 0.07115124), (253, 0.019733146), (256, 0.017566347), (276, 0.17416942), (417, 0.019150864), (478, 0.023769742), (500, 0.032634642), (546, 0.10321872), (568, 0.013497737), (607, 0.11062676), (743, 0.05289311), (802, 0.01854098), (839, 0.044076838), (865, 0.022665204), (873, 0.052579425), (961, 0.018014567), (963, 0.026498588), (999, 0.034839466)]"
585,2016-08-11T12:50:53+0000,"[(763, 0.9888981)]"
586,2016-11-21T16:59:28+0000,"[(29, 0.019248262), (166, 0.02295517), (194, 0.1114379), (242, 0.027776994), (287, 0.12625504), (304, 0.036976125), (318, 0.013161405), (412, 0.040404364), (429, 0.016967194), (517, 0.014226568), (577, 0.028605377), (631, 0.017134288), (685, 0.13152876), (727, 0.09151786), (731, 0.013767926), (765, 0.08370814), (846, 0.1154801), (868, 0.028163247), (936, 0.044048797)]"
587,2020-09-29T02:52:01+0000,"[(6, 0.74005055), (41, 0.032987185), (138, 0.014582819), (180, 0.018928912), (232, 0.032325365), (367, 0.0102026835), (500, 0.027225738), (590, 0.02171957), (597, 0.052992415), (783, 0.029289791)]"
588,2017-01-20T12:27:44+0000,"[(380, 0.20265509), (481, 0.19772044), (604, 0.14291683), (763, 0.1060359), (783, 0.09574566), (833, 0.04637384), (840, 0.06885729), (875, 0.09206738)]"
589,2007-11-19T13:33:13+0000,"[(30, 0.02731164), (33, 0.022361917), (86, 0.033745304), (119, 0.07088774), (181, 0.030916465), (239, 0.080817536), (330, 0.041350003), (336, 0.021526301), (410, 0.0624427), (414, 0.04317486), (468, 0.018503627), (577, 0.1426015), (597, 0.03957734), (599, 0.025055932), (604, 0.045930497), (673, 0.021120906), (687, 0.01441406), (820, 0.016077803), (827, 0.04044831), (836, 0.07443086), (867, 0.013756286), (872, 0.032290205), (873, 0.04734709), (951, 0.02102922)]"
590,2012-10-04T07:15:00+0000,"[(268, 0.9891411)]"
591,2011-12-16T20:35:04+0000,"[(28, 0.021333013), (66, 0.059656464), (153, 0.061882958), (234, 0.015444794), (291, 0.032183856), (304, 0.032644596), (424, 0.16343765), (426, 0.0585651), (563, 0.017499778), (577, 0.044783305), (645, 0.15692504), (684, 0.025098952), (739, 0.1700685), (740, 0.048938435), (812, 0.01823844), (851, 0.033733953), (955, 0.024667315)]"
592,2018-08-01T18:56:45+0000,"[(206, 0.96577775)]"
593,2021-01-19T14:19:12+0000,"[(6, 0.026301168), (11, 0.05456372), (30, 0.023929825), (90, 0.04723851), (201, 0.019364355), (242, 0.021545649), (249, 0.11563218), (272, 0.029719308), (341, 0.042016238), (516, 0.17577347), (588, 0.17819202), (591, 0.021553464), (629, 0.031112948), (631, 0.021388564), (796, 0.020259835), (855, 0.019665884), (868, 0.02364042), (894, 0.055497922), (972, 0.05409085)]"
594,2016-09-29T15:06:17+0000,"[(833, 0.98837996)]"
595,2013-04-22T17:40:04+0000,"[(332, 0.9909998)]"
596,2012-10-04T04:42:00+0000,
597,2014-06-12T22:09:19+0000,"[(420, 0.14270963), (661, 0.75726604), (846, 0.06090316), (939, 0.036283)]"
598,2017-11-21T11:00:34+0000,"[(341, 0.03514504), (386, 0.047713533), (577, 0.0110487575), (594, 0.88136584), (894, 0.010390154)]"
599,2007-02-27T00:21:45+0000,"[(456, 0.9854924)]"
600,2010-09-28T02:47:37+0000,"[(872, 0.9894648)]"
601,2010-01-29T22:34:49+0000,"[(71, 0.03491118), (356, 0.09390973), (395, 0.07154067), (402, 0.033454634), (561, 0.10725901), (565, 0.061730895), (590, 0.035162993), (743, 0.025025364), (763, 0.025022391), (795, 0.24722902), (851, 0.029663252), (861, 0.025208043), (923, 0.06646182), (937, 0.030721733), (955, 0.04628763), (988, 0.04180718)]"
602,2011-08-02T14:28:11+0000,"[(20, 0.034317665), (68, 0.059728313), (153, 0.016376298), (158, 0.0757044), (173, 0.079458915), (198, 0.01786917), (315, 0.046905752), (332, 0.047841735), (364, 0.017593406), (441, 0.014945008), (462, 0.01978704), (531, 0.022448352), (542, 0.018175349), (555, 0.058154825), (561, 0.015199946), (591, 0.030780984), (599, 0.07804651), (612, 0.0176713), (658, 0.01278756), (735, 0.020477045), (740, 0.07066404), (743, 0.015508632), (788, 0.06083884), (796, 0.034100004), (861, 0.05642246), (951, 0.020456987), (961, 0.0230337)]"
603,2016-12-20T14:38:49+0000,"[(951, 0.9911129)]"
604,2011-08-26T15:09:31+0000,"[(478, 0.9936288)]"
605,2019-08-06T20:15:12+0000,"[(907, 0.9937168)]"
606,2014-10-06T10:20:19+0000,"[(416, 0.99160486)]"
607,2020-12-10T14:00:09+0000,"[(958, 0.9918589)]"
608,2011-01-28T18:32:12+0000,"[(29, 0.099048354), (194, 0.037067454), (250, 0.038508732), (350, 0.08282331), (408, 0.037068773), (577, 0.13560174), (645, 0.08857242), (684, 0.07146899), (794, 0.037068095), (833, 0.03705876), (862, 0.038743485), (910, 0.04040354), (939, 0.07155452), (978, 0.14820643)]"
609,2017-10-30T22:21:45+0000,"[(287, 0.9960577)]"
610,2011-09-12T14:40:59+0000,"[(839, 0.9909998)]"
611,2017-05-05T12:57:54+0000,"[(497, 0.9943607)]"
612,2016-06-30T05:00:00+0000,"[(30, 0.012317573), (79, 0.017551076), (386, 0.013442337), (395, 0.029470427), (440, 0.0138040865), (631, 0.022979278), (652, 0.59222794), (711, 0.011661157), (740, 0.025546435), (783, 0.014590687), (853, 0.02461328), (868, 0.017919807), (873, 0.017226895)]"
613,2012-10-25T19:19:00+0000,"[(65, 0.010875143), (86, 0.011454916), (194, 0.019141346), (350, 0.014757654), (445, 0.014110243), (516, 0.033548474), (533, 0.49286848), (599, 0.018304905), (777, 0.0121049285), (788, 0.091394775), (833, 0.014767619), (846, 0.052928567), (858, 0.099491425), (862, 0.0117699765), (865, 0.04939586)]"
614,2008-10-23T13:49:17+0000,"[(297, 0.99697256)]"
615,2012-10-01T22:40:00+0000,"[(276, 0.99688244)]"
616,2012-08-09T14:22:30+0000,"[(28, 0.13792549), (124, 0.07581941), (173, 0.12124848), (395, 0.09711852), (820, 0.12068893), (870, 0.11336897), (873, 0.19146188), (972, 0.07150479)]"
617,2013-05-06T16:34:27+0000,"[(910, 0.9960432)]"
618,2007-05-17T15:57:16+0000,"[(159, 0.16678883), (194, 0.043521333), (253, 0.05164366), (356, 0.46580416), (524, 0.043520514), (547, 0.04352292), (857, 0.043833554), (961, 0.043767422), (967, 0.052719206)]"
619,2012-03-26T14:01:53+0000,"[(119, 0.028009668), (440, 0.46190012), (486, 0.010853225), (577, 0.03255338), (739, 0.010011509), (751, 0.032753367), (972, 0.4157789)]"
620,2010-05-05T17:16:33+0000,"[(28, 0.07559763), (35, 0.036025636), (64, 0.049589533), (234, 0.08714567), (274, 0.036907922), (304, 0.19551161), (377, 0.071468465), (402, 0.04788479), (709, 0.12724733), (910, 0.035712052), (928, 0.1657557), (970, 0.035743628)]"
621,2019-05-29T15:11:51+0000,"[(865, 0.990394)]"
622,2012-10-05T14:59:00+0000,
623,2020-05-02T16:57:58+0000,"[(30, 0.01797524), (119, 0.052049804), (252, 0.03841882), (851, 0.036548503), (870, 0.8184925), (937, 0.02341921)]"
624,2009-01-15T20:58:24+0000,"[(280, 0.02858138), (321, 0.028603045), (367, 0.081563406), (410, 0.40454435), (561, 0.03201475), (833, 0.028822603), (846, 0.023199135), (857, 0.054216832), (858, 0.13659318), (993, 0.15357204)]"
